474161287
18021284
375410775
896675170
17077100
812130609
825987777
199194633
97531687
516580864
521045900
700041371
720032553
846520371
118144423
86645899
675458886
676077914
179900860
13168520
194503154
129065515
808575400
210486243
404653
320221150
601365596
1091745
868376006
812629628
67472399
906578363
594260114
341085473
171775162
817429856
65874967
592836191
739483095
901339965
25378034
905231972
667839055
487536632
226610995
977216928
886661961
871740606
235925634
516263367
65227618
336339592
881390904
267505908
238222635
286627986
140524210
523212315
409604303
124894196
542435384
560969164
443698978
75391010
499848372
214651995
58665246
581829557
474647908
43550807
97405555
570997031
896142344
373534008
527633930
72196717
936849033
461266085
107500883
671527378
783741058
14484535
882118944
668488156
684147052
711362774
193542969
743888395
564179873
877787214
876857008
321345134
394936878
340848946
949348668
812948288
993463720
963780564
468828280
284350878
