827277589
880280981
909058591
309230638
503972203
985226755
860855029
286851440
125235415
193765783
834916829
477474113
100444652
371458042
450879278
538451616
941861035
855131029
608879244
555538127
508498053
354446365
613674315
180238340
825133285
561687456
363354473
123910398
570062752
148203094
504310824
697828814
728431730
27516850
427977869
377526820
393137580
232132878
72224342
424244146
220385760
112570194
592322141
489142444
522647999
970667688
649484331
827375751
722920448
429885291
504708116
955530311
821335132
250295629
930221037
240216029
22306696
964243961
134115876
38729693
551561914
296134978
505385639
868946024
288138041
449615715
697251927
708503798
473561161
546745684
702096211
983273315
678966243
228061395
987670151
167181094
240987146
451142655
538099493
512220371
740146366
570954763
803667818
236109157
8453641
462288178
737634545
450408632
30697692
678628312
373749485
193373645
742321540
419449630
979846642
417289611
512010683
28630133
571633737
996350017
