284350878
886505232
294301742
969978003
273599693
324927986
221797160
221110115
252979207
826697505
349930756
67409899
709647471
30641889
550826648
582185451
375944854
919251459
830676489
303075526
444438268
72121755
728189926
754481669
182837512
419287941
388104231
744148453
74219435
86504794
319384116
763209215
127471044
74168690
652210958
368963035
43497377
147442993
625371109
642779588
328785067
607172945
516501159
437347337
747818481
95911644
588420720
295779773
222862117
642950111
574956848
913013363
285638369
419705930
712750794
33897459
4686371
756493847
351372654
378475887
93557240
185527943
651190649
296349519
833286335
916947433
345562393
249319594
474876913
231296658
977631169
746776488
485099404
42763335
851904942
307377541
603047580
904183087
603699993
373849664
929685587
910885426
20080648
247314655
325805846
818311408
419527751
518575585
339317214
643379060
529367057
508300640
451859121
274327520
872248891
801380834
698238163
849370956
130271125
996350017
