474161287
782238200
86498739
351585318
169065042
378244314
901003836
215249257
255996297
827277589
827277589
827277589
827277589
827277589
827277589
827277589
827277589
827277589
827277589
827277589
827277589
827277589
827277589
827277589
827277589
827277589
827277589
827277589
827277589
827277589
827277589
827277589
827277589
827277589
827277589
827277589
827277589
827277589
827277589
827277589
827277589
827277589
827277589
827277589
827277589
827277589
827277589
827277589
827277589
827277589
827277589
827277589
827277589
827277589
827277589
827277589
827277589
827277589
827277589
827277589
827277589
827277589
827277589
827277589
827277589
827277589
827277589
827277589
827277589
827277589
827277589
827277589
827277589
827277589
827277589
827277589
827277589
827277589
827277589
827277589
827277589
827277589
827277589
827277589
827277589
827277589
827277589
827277589
827277589
827277589
827277589
827277589
827277589
827277589
827277589
827277589
827277589
827277589
827277589
827277589
