1
3
21
651
457653
65929101
897541301
907088949
238650129
285640646
827277589
510730794
64053450
42426184
15185328
160029755
956305842
688197556
679342175
267499615
880280981
558329726
553964169
245521428
861593130
311039327
70010407
553493328
208218364
883034062
909058591
235258561
914745183
683681268
481896497
859580346
791105692
20870952
968292355
934098537
309230638
516361195
988457371
846041166
801252031
719645224
952042859
374606968
263682056
819908007
503972203
265802124
908649437
238769930
354629939
607818941
805499325
815616263
760055703
215130832
985226755
554595441
331943230
879006731
574049960
306189851
938225307
854746713
929828062
341211720
860855029
717060447
932475332
934446376
509281735
157001273
487617506
407708193
894109124
853547485
286851440
923959529
542376305
330913825
656172329
342929881
97726340
950049660
57886809
747338403
125235415
108935215
141193112
188674045
183104957
91660614
227981398
689721698
829123602
6118150
