100
33 937
49 995
44 320
78 338
87 105
50 53
83 89
58 638
7 521
21 466
77 671
67 103
10 30
4 951
26 966
61 503
82 649
95 714
23 563
79 766
17 168
27 382
56 103
3 689
65 53
6 508
92 849
49 893
53 260
93 247
9 211
9 810
43 547
73 306
78 366
96 922
51 322
5 475
79 681
50 259
12 617
34 428
24 117
35 970
11 414
90 545
18 643
7 817
44 65
16 372
44 4
41 650
48 997
43 285
19 958
34 469
7 858
4 991
73 155
55 905
26 245
96 218
43 355
52 610
70 125
26 200
54 961
81 112
4 65
5 851
32 117
0 639
94 466
76 726
27 266
23 939
2 549
28 792
27 636
39 145
29 926
2 471
94 94
57 667
85 380
93 191
62 279
48 891
45 473
34 637
89 355
84 513
86 729
68 137
21 895
86 887
0 950
56 561
31 174
37 803
