162629492
662599849
778180968
995079661
388411251
742869588
811394120
830078184
866878401
757135706
360091226
967832046
762159190
60830177
175178479
905021281
836369507
528545062
27020610
477591300
451668449
729640868
279591554
150458402
238769930
220699796
268519066
301210029
85041895
254938520
253573804
479860744
212427630
22907144
147190951
779644976
115019178
454479092
8777868
92408975
420430954
420047198
933777686
169121397
717277520
267872369
241162893
403670434
221816617
115881614
457653
645854499
575147344
439529000
391190379
508700938
773215533
490281788
46569381
278744630
899272637
288463457
180616338
439592334
87643098
540973127
959968987
863912476
394026724
582783060
675428333
1
975126202
729404352
859912891
195306116
872933389
509056234
802788725
746806190
159577155
100802630
183104957
922245774
295624148
615419744
820019024
889512252
843870893
412528667
587761400
152550322
26351936
775220503
19587205
207511020
1
447699872
336609956
812687877
