100
81 702
3 484
4 844
35 364
47 298
79 471
100 347
40 247
37 981
13 719
69 328
52 243
43 487
23 378
87 224
36 265
23 996
43 403
98 904
50 413
78 450
96 28
22 681
85 59
88 901
19 225
44 549
47 425
91 855
35 149
19 928
30 768
50 375
24 804
37 196
5 911
74 137
58 174
74 171
11 785
66 495
8 811
94 229
2 606
33 926
76 373
4 34
47 640
5 597
59 421
90 114
39 754
87 45
4 971
45 606
60 783
90 445
9 818
50 633
40 867
59 19
69 810
92 707
2 80
37 259
37 6
88 604
92 141
84 290
89 895
33 121
46 765
25 967
94 228
51 900
62 240
4 747
83 125
2 925
71 832
62 339
11 773
56 870
70 547
87 112
62 581
75 269
40 996
69 53
62 312
2 444
52 599
40 605
78 186
95 226
43 473
36 502
64 484
43 330
24 704
