352698091
824326290
119788579
238410777
655197577
383512692
455002293
71273835
750353300
354396727
356429077
759077443
884963045
174013742
397425604
623243245
349359311
58552079
918823243
748981007
543478509
208218364
631112174
215130832
705453016
158883637
465168832
178760268
436539190
489792125
127170198
751363376
94469157
506641160
999976339
517201320
735505027
298047211
950405277
301054977
492981238
620544936
323901535
819912428
54320279
642262327
712784796
468024462
404138711
166825438
567977075
871610844
719645224
181379407
292895094
401468459
532081705
475131791
712468743
808194630
267499615
580974462
415862573
377243992
281079168
897541301
414384406
301969441
901776935
618956879
674758723
114393325
577503667
569841504
974930390
885290739
908502483
610399684
501039278
199447073
566050321
551392974
996525303
659684932
822028127
950373042
889375349
241658201
238769930
588621676
30239431
383935260
569325814
590991792
159476021
272585908
225433926
849560231
561636722
372701630
