24
11 9 14
11 8 17
2 11 7
22 18 4
17 11 3
20 18 2
9 12 7
1 22 23
13 12 1
10 12 11
7 6 1
15 2 7
7 22 5
6 21 16
9 10 21
20 17 1
15 11 0
5 17 15
4 2 5
16 15 18
21 22 9
4 14 17
11 16 18
18 12 19
9 19 6
9 1 10
17 1 20
18 0 18
16 22 13
12 4 16
17 12 5
15 20 11
9 20 12
21 5 12
13 17 11
19 14 22
14 13 20
4 8 11
10 20 14
3 7 10
22 10 0
23 0 23
19 13 0
22 16 8
13 5 10
3 12 15
23 21 10
11 23 3
14 7 19
5 16 13
0 21 21
15 7 18
8 1 11
16 9 23
19 2 21
4 9 7
6 11 19
0 10 10
20 1 17
12 7 23
1 3 2
5 3 0
13 0 13
10 8 16
0 22 22
18 7 15
14 22 16
10 13 7
8 9 17
23 10 1
15 4 14
10 15 1
5 21 18
2 3 4
18 10 4
18 16 11
6 17 20
12 17 10
15 6 13
23 6 19
18 19 12
11 22 1
14 17 9
7 15 2
11 18 7
7 0 7
20 23 12
16 1 21
10 2 17
4 5 2
22 1 15
15 15 20
20 15 11
8 14 0
13 11 4
20 20 0
6 4 22
5 0 5
5 13 14
5 10 7
18 9 3
17 20 6
20 16 7
3 18 21
9 2 13
20 14 19
2 18 20
15 19 4
16 11 2
14 12 2
6 15 3
9 15 5
9 0 9
8 6 2
21 19 15
3 11 6
4 10 6
22 14 20
22 7 13
12 5 11
11 21 13
13 13 19
12 9 20
21 2 19
12 1 19
4 20 23
13 9 21
17 18 14
1 17 16
6 14 2
16 21 1
11 14 4
18 2 20
7 4 23
19 0 19
23 5 15
7 11 18
19 10 5
11 12 10
13 4 17
19 3 8
17 5 9
2 20 18
15 14 9
0 18 18
18 22 6
22 21 11
0 2 2
21 21 7
8 2 12
1 7 6
0 12 12
18 15 7
21 17 0
18 3 9
6 18 10
19 23 15
14 4 15
2 8 6
8 7 5
23 4 7
12 13 18
6 10 18
9 22 2
10 19 8
17 3 18
11 4 19
18 23 14
1 11 10
9 5 18
16 13 22
10 6 4
18 4 10
0 20 20
20 0 20
19 15 6
13 10 16
21 7 17
20 3 10
5 6 11
18 18 0
23 11 13
22 15 9
16 10 14
15 12 3
23 19 17
20 10 3
12 15 22
9 13 11
14 20 10
5 4 1
11 6 5
4 23 20
15 5 6
10 11 21
2 19 23
16 14 10
23 9 0
9 6 3
6 6 0
16 23 9
10 18 6
2 0 2
1 5 4
4 22 18
22 22 10
14 23 11
13 20 8
17 6 16
13 19 0
19 7 14
10 17 23
5 9 6
17 15 19
7 2 15
12 0 12
15 16 2
21 18 3
10 21 12
7 14 3
9 3 17
1 21 20
21 4 8
12 8 2
18 6 22
0 1 1
4 6 10
7 1 6
8 3 16
23 20 4
10 22 0
18 17 5
22 0 22
10 0 10
17 21 0
14 19 5
23 12 20
7 18 11
6 22 4
12 11 5
18 20 2
17 4 13
14 18 17
2 1 5
3 9 11
14 21 4
5 22 19
9 18 8
4 16 12
16 6 17
13 3 20
6 12 8
22 12 21
7 20 16
5 8 10
16 8 5
6 20 17
15 0 15
1 16 17
4 19 21
21 13 4
16 19 3
14 11 1
23 16 9
17 7 21
23 1 14
6 3 15
8 17 18
20 11 15
20 5 13
2 23 19
19 11 17
21 1 16
8 15 4
0 4 4
2 2 0
3 3 5
13 7 22
3 0 3
18 21 8
17 23 8
18 5 17
3 4 2
19 19 13
1 20 21
19 1 12
3 23 18
16 17 6
12 16 4
23 14 21
22 4 6
3 1 4
16 18 15
7 8 13
4 7 9
16 3 19
14 15 21
2 16 15
14 6 12
3 14 13
19 20 3
21 3 11
21 0 21
1 14 15
15 8 1
15 23 10
15 9 19
5 18 23
1 6 7
19 18 1
22 2 23
3 2 1
21 9 5
12 21 3
20 6 21
19 16 10
5 12 17
1 0 1
13 2 9
23 8 18
3 10 8
11 10 23
0 17 17
18 14 23
11 2 16
20 19 14
11 20 15
1 19 18
5 15 12
7 19 10
12 19 1
16 12 4
21 10 2
23 13 2
12 20 9
10 10 22
15 22 17
8 0 8
13 21 2
8 12 6
7 21 17
2 4 3
4 21 19
13 18 12
5 20 22
20 7 16
8 18 9
10 5 20
9 11 22
18 1 13
12 10 17
6 16 21
10 1 9
1 9 8
14 8 0
2 21 22
8 16 22
11 13 6
7 23 4
1 4 5
21 20 1
14 9 18
21 12 22
22 13 3
12 23 7
2 12 14
16 0 16
5 7 8
4 3 1
13 23 6
19 17 4
20 21 6
19 22 7
4 1 3
16 7 20
7 3 14
9 16 23
9 7 4
19 12 18
2 9 10
13 15 23
15 17 8
17 10 15
12 3 21
20 2 18
11 1 8
4 0 4
22 9 1
13 8 3
7 12 9
8 10 20
4 17 14
19 8 20
23 17 3
5 1 2
22 11 12
0 23 23
9 21 14
6 13 9
9 17 19
6 19 11
6 5 23
3 6 9
0 14 14
8 8 14
21 8 23
0 3 3
13 22 14
12 2 8
5 11 9
6 2 14
5 14 16
5 5 3
11 11 20
3 22 20
4 13 15
2 5 1
18 13 1
21 16 6
21 6 20
9 9 16
23 18 5
12 12 0
5 19 20
17 9 22
3 17 12
14 1 23
11 3 12
12 18 13
16 4 12
18 8 21
17 16 1
20 4 9
10 7 3
1 2 3
3 5 0
7 7 0
20 8 22
22 19 16
21 15 10
3 16 14
0 8 8
23 3 6
21 11 14
17 14 11
0 6 6
2 13 17
4 18 22
15 21 5
0 13 13
14 3 22
16 16 0
15 3 23
3 20 19
9 8 15
4 12 16
9 4 20
23 2 22
21 23 13
20 9 4
0 19 19
19 9 2
0 5 5
1 23 22
8 11 23
11 7 2
12 22 15
2 14 12
22 5 14
16 2 11
4 11 8
1 1 0
8 4 21
11 5 21
6 0 6
17 19 2
10 14 5
1 10 11
17 0 17
9 14 1
15 1 22
22 3 7
22 23 17
3 8 7
7 10 19
0 15 15
2 22 21
9 23 0
7 13 8
14 16 3
10 9 15
3 21 23
15 10 12
4 4 0
13 14 7
17 8 4
6 8 12
1 12 13
6 1 7
23 15 8
4 15 13
20 22 8
16 20 7
17 17 7
8 22 3
21 14 18
7 9 12
19 4 11
10 23 2
2 6 8
0 9 9
6 7 1
23 22 11
10 3 13
11 17 22
17 13 23
20 13 5
1 8 9
14 10 13
2 10 9
19 5 16
15 18 16
22 6 18
8 13 10
8 23 1
23 7 12
3 13 16
1 15 14
8 20 13
7 5 22
8 5 19
0 0 0
19 6 23
15 13 21
2 7 11
2 17 13
13 16 5
14 2 6
12 6 14
11 0 11
17 22 12
0 7 7
11 19 9
22 20 5
8 19 7
13 6 15
18 11 16
1 18 19
12 14 6
14 5 7
17 2 10
16 5 8
10 16 19
10 4 18
20 12 23
6 23 5
22 8 19
8 21 15
0 16 16
3 19 22
1 13 12
22 17 2
0 11 11
5 23 21
6 9 13
23 23 16
14 14 8
2 15 16
7 17 21
5 2 4
3 15 17
11 15 0
7 16 20
14 0 14
13 1 18
19 21 9
