97
0 0 0
0 1 1
0 2 2
0 3 3
0 4 4
0 5 5
0 6 6
0 7 7
0 8 8
0 9 9
0 10 10
0 11 11
0 12 12
0 13 13
0 14 14
0 15 15
0 16 16
0 17 17
0 18 18
0 19 19
0 20 20
0 21 21
0 22 22
0 23 23
0 24 24
0 25 25
0 26 26
0 27 27
0 28 28
0 29 29
0 30 30
0 31 31
0 32 32
0 33 33
0 34 34
0 35 35
0 36 36
0 37 37
0 38 38
0 39 39
0 40 40
0 41 41
0 42 42
0 43 43
0 44 44
0 45 45
0 46 46
0 47 47
0 48 48
0 49 49
0 50 50
0 51 51
0 52 52
0 53 53
0 54 54
0 55 55
0 56 56
0 57 57
0 58 58
0 59 59
0 60 60
0 61 61
0 62 62
0 63 63
0 64 64
0 65 65
0 66 66
0 67 67
0 68 68
0 69 69
0 70 70
0 71 71
0 72 72
0 73 73
0 74 74
0 75 75
0 76 76
0 77 77
0 78 78
0 79 79
0 80 80
0 81 81
0 82 82
0 83 83
0 84 84
0 85 85
0 86 86
0 87 87
0 88 88
0 89 89
0 90 90
0 91 91
0 92 92
0 93 93
0 94 94
0 95 95
0 96 96
1 0 1
1 1 2
1 2 3
1 3 4
1 4 5
1 5 6
1 6 7
1 7 8
1 8 9
1 9 10
1 10 11
1 11 12
1 12 13
1 13 14
1 14 15
1 15 16
1 16 17
1 17 18
1 18 19
1 19 20
1 20 21
1 21 22
1 22 23
1 23 24
1 24 25
1 25 26
1 26 27
1 27 28
1 28 29
1 29 30
1 30 31
1 31 32
1 32 33
1 33 34
1 34 35
1 35 36
1 36 37
1 37 38
1 38 39
1 39 40
1 40 41
1 41 42
1 42 43
1 43 44
1 44 45
1 45 46
1 46 47
1 47 48
1 48 49
1 49 50
1 50 51
1 51 52
1 52 53
1 53 54
1 54 55
1 55 56
1 56 57
1 57 58
1 58 59
1 59 60
1 60 61
1 61 62
1 62 63
1 63 64
1 64 65
1 65 66
1 66 67
1 67 68
1 68 69
1 69 70
1 70 71
1 71 72
1 72 73
1 73 74
1 74 75
1 75 76
1 76 77
1 77 78
1 78 79
1 79 80
1 80 81
1 81 82
1 82 83
1 83 84
1 84 85
1 85 86
1 86 87
1 87 88
1 88 89
1 89 90
1 90 91
1 91 92
1 92 93
1 93 94
1 94 95
1 95 96
1 96 0
2 0 2
2 1 3
2 2 4
2 3 5
2 4 6
2 5 7
2 6 8
2 7 9
2 8 10
2 9 11
2 10 12
2 11 13
2 12 14
2 13 15
2 14 16
2 15 17
2 16 18
2 17 19
2 18 20
2 19 21
2 20 22
2 21 23
2 22 24
2 23 25
2 24 26
2 25 27
2 26 28
2 27 29
2 28 30
2 29 31
2 30 32
2 31 33
2 32 34
2 33 35
2 34 36
2 35 37
2 36 38
2 37 39
2 38 40
2 39 41
2 40 42
2 41 43
2 42 44
2 43 45
2 44 46
2 45 47
2 46 48
2 47 49
2 48 50
2 49 51
2 50 52
2 51 53
2 52 54
2 53 55
2 54 56
2 55 57
2 56 58
2 57 59
2 58 60
2 59 61
2 60 62
2 61 63
2 62 64
2 63 65
2 64 66
2 65 67
2 66 68
2 67 69
2 68 70
2 69 71
2 70 72
2 71 73
2 72 74
2 73 75
2 74 76
2 75 77
2 76 78
2 77 79
2 78 80
2 79 81
2 80 82
2 81 83
2 82 84
2 83 85
2 84 86
2 85 87
2 86 88
2 87 89
2 88 90
2 89 91
2 90 92
2 91 93
2 92 94
2 93 95
2 94 96
2 95 0
2 96 1
3 0 3
3 1 4
3 2 5
3 3 6
3 4 7
3 5 8
3 6 9
3 7 10
3 8 11
3 9 12
3 10 13
3 11 14
3 12 15
3 13 16
3 14 17
3 15 18
3 16 19
3 17 20
3 18 21
3 19 22
3 20 23
3 21 24
3 22 25
3 23 26
3 24 27
3 25 28
3 26 29
3 27 30
3 28 31
3 29 32
3 30 33
3 31 34
3 32 35
3 33 36
3 34 37
3 35 38
3 36 39
3 37 40
3 38 41
3 39 42
3 40 43
3 41 44
3 42 45
3 43 46
3 44 47
3 45 48
3 46 49
3 47 50
3 48 51
3 49 52
3 50 53
3 51 54
3 52 55
3 53 56
3 54 57
3 55 58
3 56 59
3 57 60
3 58 61
3 59 62
3 60 63
3 61 64
3 62 65
3 63 66
3 64 67
3 65 68
3 66 69
3 67 70
3 68 71
3 69 72
3 70 73
3 71 74
3 72 75
3 73 76
3 74 77
3 75 78
3 76 79
3 77 80
3 78 81
3 79 82
3 80 83
3 81 84
3 82 85
3 83 86
3 84 87
3 85 88
3 86 89
3 87 90
3 88 91
3 89 92
3 90 93
3 91 94
3 92 95
3 93 96
3 94 0
3 95 1
3 96 2
4 0 4
4 1 5
4 2 6
4 3 7
4 4 8
4 5 9
4 6 10
4 7 11
4 8 12
4 9 13
4 10 14
4 11 15
4 12 16
4 13 17
4 14 18
4 15 19
4 16 20
4 17 21
4 18 22
4 19 23
4 20 24
4 21 25
4 22 26
4 23 27
4 24 28
4 25 29
4 26 30
4 27 31
4 28 32
4 29 33
4 30 34
4 31 35
4 32 36
4 33 37
4 34 38
4 35 39
4 36 40
4 37 41
4 38 42
4 39 43
4 40 44
4 41 45
4 42 46
4 43 47
4 44 48
4 45 49
4 46 50
4 47 51
4 48 52
4 49 53
4 50 54
4 51 55
4 52 56
4 53 57
4 54 58
4 55 59
4 56 60
4 57 61
4 58 62
4 59 63
4 60 64
4 61 65
4 62 66
4 63 67
4 64 68
4 65 69
4 66 70
4 67 71
4 68 72
4 69 73
4 70 74
4 71 75
4 72 76
4 73 77
4 74 78
4 75 79
4 76 80
4 77 81
4 78 82
4 79 83
4 80 84
4 81 85
4 82 86
4 83 87
4 84 88
4 85 89
4 86 90
4 87 91
4 88 92
4 89 93
4 90 94
4 91 95
4 92 96
4 93 0
4 94 1
4 95 2
4 96 3
5 0 5
5 1 6
5 2 7
5 3 8
5 4 9
5 5 10
5 6 11
5 7 12
5 8 13
5 9 14
5 10 15
5 11 16
5 12 17
5 13 18
5 14 19
5 15 20
5 16 21
5 17 22
5 18 23
5 19 24
5 20 25
5 21 26
5 22 27
5 23 28
5 24 29
5 25 30
5 26 31
5 27 32
5 28 33
5 29 34
5 30 35
5 31 36
5 32 37
5 33 38
5 34 39
5 35 40
5 36 41
5 37 42
5 38 43
5 39 44
5 40 45
5 41 46
5 42 47
5 43 48
5 44 49
5 45 50
5 46 51
5 47 52
5 48 53
5 49 54
5 50 55
5 51 56
5 52 57
5 53 58
5 54 59
5 55 60
5 56 61
5 57 62
5 58 63
5 59 64
5 60 65
5 61 66
5 62 67
5 63 68
5 64 69
5 65 70
5 66 71
5 67 72
5 68 73
5 69 74
5 70 75
5 71 76
5 72 77
5 73 78
5 74 79
5 75 80
5 76 81
5 77 82
5 78 83
5 79 84
5 80 85
5 81 86
5 82 87
5 83 88
5 84 89
5 85 90
5 86 91
5 87 92
5 88 93
5 89 94
5 90 95
5 91 96
5 92 0
5 93 1
5 94 2
5 95 3
5 96 4
6 0 6
6 1 7
6 2 8
6 3 9
6 4 10
6 5 11
6 6 12
6 7 13
6 8 14
6 9 15
6 10 16
6 11 17
6 12 18
6 13 19
6 14 20
6 15 21
6 16 22
6 17 23
6 18 24
6 19 25
6 20 26
6 21 27
6 22 28
6 23 29
6 24 30
6 25 31
6 26 32
6 27 33
6 28 34
6 29 35
6 30 36
6 31 37
6 32 38
6 33 39
6 34 40
6 35 41
6 36 42
6 37 43
6 38 44
6 39 45
6 40 46
6 41 47
6 42 48
6 43 49
6 44 50
6 45 51
6 46 52
6 47 53
6 48 54
6 49 55
6 50 56
6 51 57
6 52 58
6 53 59
6 54 60
6 55 61
6 56 62
6 57 63
6 58 64
6 59 65
6 60 66
6 61 67
6 62 68
6 63 69
6 64 70
6 65 71
6 66 72
6 67 73
6 68 74
6 69 75
6 70 76
6 71 77
6 72 78
6 73 79
6 74 80
6 75 81
6 76 82
6 77 83
6 78 84
6 79 85
6 80 86
6 81 87
6 82 88
6 83 89
6 84 90
6 85 91
6 86 92
6 87 93
6 88 94
6 89 95
6 90 96
6 91 0
6 92 1
6 93 2
6 94 3
6 95 4
6 96 5
7 0 7
7 1 8
7 2 9
7 3 10
7 4 11
7 5 12
7 6 13
7 7 14
7 8 15
7 9 16
7 10 17
7 11 18
7 12 19
7 13 20
7 14 21
7 15 22
7 16 23
7 17 24
7 18 25
7 19 26
7 20 27
7 21 28
7 22 29
7 23 30
7 24 31
7 25 32
7 26 33
7 27 34
7 28 35
7 29 36
7 30 37
7 31 38
7 32 39
7 33 40
7 34 41
7 35 42
7 36 43
7 37 44
7 38 45
7 39 46
7 40 47
7 41 48
7 42 49
7 43 50
7 44 51
7 45 52
7 46 53
7 47 54
7 48 55
7 49 56
7 50 57
7 51 58
7 52 59
7 53 60
7 54 61
7 55 62
7 56 63
7 57 64
7 58 65
7 59 66
7 60 67
7 61 68
7 62 69
7 63 70
7 64 71
7 65 72
7 66 73
7 67 74
7 68 75
7 69 76
7 70 77
7 71 78
7 72 79
7 73 80
7 74 81
7 75 82
7 76 83
7 77 84
7 78 85
7 79 86
7 80 87
7 81 88
7 82 89
7 83 90
7 84 91
7 85 92
7 86 93
7 87 94
7 88 95
7 89 96
7 90 0
7 91 1
7 92 2
7 93 3
7 94 4
7 95 5
7 96 6
8 0 8
8 1 9
8 2 10
8 3 11
8 4 12
8 5 13
8 6 14
8 7 15
8 8 16
8 9 17
8 10 18
8 11 19
8 12 20
8 13 21
8 14 22
8 15 23
8 16 24
8 17 25
8 18 26
8 19 27
8 20 28
8 21 29
8 22 30
8 23 31
8 24 32
8 25 33
8 26 34
8 27 35
8 28 36
8 29 37
8 30 38
8 31 39
8 32 40
8 33 41
8 34 42
8 35 43
8 36 44
8 37 45
8 38 46
8 39 47
8 40 48
8 41 49
8 42 50
8 43 51
8 44 52
8 45 53
8 46 54
8 47 55
8 48 56
8 49 57
8 50 58
8 51 59
8 52 60
8 53 61
8 54 62
8 55 63
8 56 64
8 57 65
8 58 66
8 59 67
8 60 68
8 61 69
8 62 70
8 63 71
8 64 72
8 65 73
8 66 74
8 67 75
8 68 76
8 69 77
8 70 78
8 71 79
8 72 80
8 73 81
8 74 82
8 75 83
8 76 84
8 77 85
8 78 86
8 79 87
8 80 88
8 81 89
8 82 90
8 83 91
8 84 92
8 85 93
8 86 94
8 87 95
8 88 96
8 89 0
8 90 1
8 91 2
8 92 3
8 93 4
8 94 5
8 95 6
8 96 7
9 0 9
9 1 10
9 2 11
9 3 12
9 4 13
9 5 14
9 6 15
9 7 16
9 8 17
9 9 18
9 10 19
9 11 20
9 12 21
9 13 22
9 14 23
9 15 24
9 16 25
9 17 26
9 18 27
9 19 28
9 20 29
9 21 30
9 22 31
9 23 32
9 24 33
9 25 34
9 26 35
9 27 36
9 28 37
9 29 38
9 30 39
9 31 40
9 32 41
9 33 42
9 34 43
9 35 44
9 36 45
9 37 46
9 38 47
9 39 48
9 40 49
9 41 50
9 42 51
9 43 52
9 44 53
9 45 54
9 46 55
9 47 56
9 48 57
9 49 58
9 50 59
9 51 60
9 52 61
9 53 62
9 54 63
9 55 64
9 56 65
9 57 66
9 58 67
9 59 68
9 60 69
9 61 70
9 62 71
9 63 72
9 64 73
9 65 74
9 66 75
9 67 76
9 68 77
9 69 78
9 70 79
9 71 80
9 72 81
9 73 82
9 74 83
9 75 84
9 76 85
9 77 86
9 78 87
9 79 88
9 80 89
9 81 90
9 82 91
9 83 92
9 84 93
9 85 94
9 86 95
9 87 96
9 88 0
9 89 1
9 90 2
9 91 3
9 92 4
9 93 5
9 94 6
9 95 7
9 96 8
10 0 10
10 1 11
10 2 12
10 3 13
10 4 14
10 5 15
10 6 16
10 7 17
10 8 18
10 9 19
10 10 20
10 11 21
10 12 22
10 13 23
10 14 24
10 15 25
10 16 26
10 17 27
10 18 28
10 19 29
10 20 30
10 21 31
10 22 32
10 23 33
10 24 34
10 25 35
10 26 36
10 27 37
10 28 38
10 29 39
10 30 40
10 31 41
10 32 42
10 33 43
10 34 44
10 35 45
10 36 46
10 37 47
10 38 48
10 39 49
10 40 50
10 41 51
10 42 52
10 43 53
10 44 54
10 45 55
10 46 56
10 47 57
10 48 58
10 49 59
10 50 60
10 51 61
10 52 62
10 53 63
10 54 64
10 55 65
10 56 66
10 57 67
10 58 68
10 59 69
10 60 70
10 61 71
10 62 72
10 63 73
10 64 74
10 65 75
10 66 76
10 67 77
10 68 78
10 69 79
10 70 80
10 71 81
10 72 82
10 73 83
10 74 84
10 75 85
10 76 86
10 77 87
10 78 88
10 79 89
10 80 90
10 81 91
10 82 92
10 83 93
10 84 94
10 85 95
10 86 96
10 87 0
10 88 1
10 89 2
10 90 3
10 91 4
10 92 5
10 93 6
10 94 7
10 95 8
10 96 9
11 0 11
11 1 12
11 2 13
11 3 14
11 4 15
11 5 16
11 6 17
11 7 18
11 8 19
11 9 20
11 10 21
11 11 22
11 12 23
11 13 24
11 14 25
11 15 26
11 16 27
11 17 28
11 18 29
11 19 30
11 20 31
11 21 32
11 22 33
11 23 34
11 24 35
11 25 36
11 26 37
11 27 38
11 28 39
11 29 40
11 30 41
11 31 42
11 32 43
11 33 44
11 34 45
11 35 46
11 36 47
11 37 48
11 38 49
11 39 50
11 40 51
11 41 52
11 42 53
11 43 54
11 44 55
11 45 56
11 46 57
11 47 58
11 48 59
11 49 60
11 50 61
11 51 62
11 52 63
11 53 64
11 54 65
11 55 66
11 56 67
11 57 68
11 58 69
11 59 70
11 60 71
11 61 72
11 62 73
11 63 74
11 64 75
11 65 76
11 66 77
11 67 78
11 68 79
11 69 80
11 70 81
11 71 82
11 72 83
11 73 84
11 74 85
11 75 86
11 76 87
11 77 88
11 78 89
11 79 90
11 80 91
11 81 92
11 82 93
11 83 94
11 84 95
11 85 96
11 86 0
11 87 1
11 88 2
11 89 3
11 90 4
11 91 5
11 92 6
11 93 7
11 94 8
11 95 9
11 96 10
12 0 12
12 1 13
12 2 14
12 3 15
12 4 16
12 5 17
12 6 18
12 7 19
12 8 20
12 9 21
12 10 22
12 11 23
12 12 24
12 13 25
12 14 26
12 15 27
12 16 28
12 17 29
12 18 30
12 19 31
12 20 32
12 21 33
12 22 34
12 23 35
12 24 36
12 25 37
12 26 38
12 27 39
12 28 40
12 29 41
12 30 42
12 31 43
12 32 44
12 33 45
12 34 46
12 35 47
12 36 48
12 37 49
12 38 50
12 39 51
12 40 52
12 41 53
12 42 54
12 43 55
12 44 56
12 45 57
12 46 58
12 47 59
12 48 60
12 49 61
12 50 62
12 51 63
12 52 64
12 53 65
12 54 66
12 55 67
12 56 68
12 57 69
12 58 70
12 59 71
12 60 72
12 61 73
12 62 74
12 63 75
12 64 76
12 65 77
12 66 78
12 67 79
12 68 80
12 69 81
12 70 82
12 71 83
12 72 84
12 73 85
12 74 86
12 75 87
12 76 88
12 77 89
12 78 90
12 79 91
12 80 92
12 81 93
12 82 94
12 83 95
12 84 96
12 85 0
12 86 1
12 87 2
12 88 3
12 89 4
12 90 5
12 91 6
12 92 7
12 93 8
12 94 9
12 95 10
12 96 11
13 0 13
13 1 14
13 2 15
13 3 16
13 4 17
13 5 18
13 6 19
13 7 20
13 8 21
13 9 22
13 10 23
13 11 24
13 12 25
13 13 26
13 14 27
13 15 28
13 16 29
13 17 30
13 18 31
13 19 32
13 20 33
13 21 34
13 22 35
13 23 36
13 24 37
13 25 38
13 26 39
13 27 40
13 28 41
13 29 42
13 30 43
13 31 44
13 32 45
13 33 46
13 34 47
13 35 48
13 36 49
13 37 50
13 38 51
13 39 52
13 40 53
13 41 54
13 42 55
13 43 56
13 44 57
13 45 58
13 46 59
13 47 60
13 48 61
13 49 62
13 50 63
13 51 64
13 52 65
13 53 66
13 54 67
13 55 68
13 56 69
13 57 70
13 58 71
13 59 72
13 60 73
13 61 74
13 62 75
13 63 76
13 64 77
13 65 78
13 66 79
13 67 80
13 68 81
13 69 82
13 70 83
13 71 84
13 72 85
13 73 86
13 74 87
13 75 88
13 76 89
13 77 90
13 78 91
13 79 92
13 80 93
13 81 94
13 82 95
13 83 96
13 84 0
13 85 1
13 86 2
13 87 3
13 88 4
13 89 5
13 90 6
13 91 7
13 92 8
13 93 9
13 94 10
13 95 11
13 96 12
14 0 14
14 1 15
14 2 16
14 3 17
14 4 18
14 5 19
14 6 20
14 7 21
14 8 22
14 9 23
14 10 24
14 11 25
14 12 26
14 13 27
14 14 28
14 15 29
14 16 30
14 17 31
14 18 32
14 19 33
14 20 34
14 21 35
14 22 36
14 23 37
14 24 38
14 25 39
14 26 40
14 27 41
14 28 42
14 29 43
14 30 44
14 31 45
14 32 46
14 33 47
14 34 48
14 35 49
14 36 50
14 37 51
14 38 52
14 39 53
14 40 54
14 41 55
14 42 56
14 43 57
14 44 58
14 45 59
14 46 60
14 47 61
14 48 62
14 49 63
14 50 64
14 51 65
14 52 66
14 53 67
14 54 68
14 55 69
14 56 70
14 57 71
14 58 72
14 59 73
14 60 74
14 61 75
14 62 76
14 63 77
14 64 78
14 65 79
14 66 80
14 67 81
14 68 82
14 69 83
14 70 84
14 71 85
14 72 86
14 73 87
14 74 88
14 75 89
14 76 90
14 77 91
14 78 92
14 79 93
14 80 94
14 81 95
14 82 96
14 83 0
14 84 1
14 85 2
14 86 3
14 87 4
14 88 5
14 89 6
14 90 7
14 91 8
14 92 9
14 93 10
14 94 11
14 95 12
14 96 13
15 0 15
15 1 16
15 2 17
15 3 18
15 4 19
15 5 20
15 6 21
15 7 22
15 8 23
15 9 24
15 10 25
15 11 26
15 12 27
15 13 28
15 14 29
15 15 30
15 16 31
15 17 32
15 18 33
15 19 34
15 20 35
15 21 36
15 22 37
15 23 38
15 24 39
15 25 40
15 26 41
15 27 42
15 28 43
15 29 44
15 30 45
15 31 46
15 32 47
15 33 48
15 34 49
15 35 50
15 36 51
15 37 52
15 38 53
15 39 54
15 40 55
15 41 56
15 42 57
15 43 58
15 44 59
15 45 60
15 46 61
15 47 62
15 48 63
15 49 64
15 50 65
15 51 66
15 52 67
15 53 68
15 54 69
15 55 70
15 56 71
15 57 72
15 58 73
15 59 74
15 60 75
15 61 76
15 62 77
15 63 78
15 64 79
15 65 80
15 66 81
15 67 82
15 68 83
15 69 84
15 70 85
15 71 86
15 72 87
15 73 88
15 74 89
15 75 90
15 76 91
15 77 92
15 78 93
15 79 94
15 80 95
15 81 96
15 82 0
15 83 1
15 84 2
15 85 3
15 86 4
15 87 5
15 88 6
15 89 7
15 90 8
15 91 9
15 92 10
15 93 11
15 94 12
15 95 13
15 96 14
16 0 16
16 1 17
16 2 18
16 3 19
16 4 20
16 5 21
16 6 22
16 7 23
16 8 24
16 9 25
16 10 26
16 11 27
16 12 28
16 13 29
16 14 30
16 15 31
16 16 32
16 17 33
16 18 34
16 19 35
16 20 36
16 21 37
16 22 38
16 23 39
16 24 40
16 25 41
16 26 42
16 27 43
16 28 44
16 29 45
16 30 46
16 31 47
16 32 48
16 33 49
16 34 50
16 35 51
16 36 52
16 37 53
16 38 54
16 39 55
16 40 56
16 41 57
16 42 58
16 43 59
16 44 60
16 45 61
16 46 62
16 47 63
16 48 64
16 49 65
16 50 66
16 51 67
16 52 68
16 53 69
16 54 70
16 55 71
16 56 72
16 57 73
16 58 74
16 59 75
16 60 76
16 61 77
16 62 78
16 63 79
16 64 80
16 65 81
16 66 82
16 67 83
16 68 84
16 69 85
16 70 86
16 71 87
16 72 88
16 73 89
16 74 90
16 75 91
16 76 92
16 77 93
16 78 94
16 79 95
16 80 96
16 81 0
16 82 1
16 83 2
16 84 3
16 85 4
16 86 5
16 87 6
16 88 7
16 89 8
16 90 9
16 91 10
16 92 11
16 93 12
16 94 13
16 95 14
16 96 15
17 0 17
17 1 18
17 2 19
17 3 20
17 4 21
17 5 22
17 6 23
17 7 24
17 8 25
17 9 26
17 10 27
17 11 28
17 12 29
17 13 30
17 14 31
17 15 32
17 16 33
17 17 34
17 18 35
17 19 36
17 20 37
17 21 38
17 22 39
17 23 40
17 24 41
17 25 42
17 26 43
17 27 44
17 28 45
17 29 46
17 30 47
17 31 48
17 32 49
17 33 50
17 34 51
17 35 52
17 36 53
17 37 54
17 38 55
17 39 56
17 40 57
17 41 58
17 42 59
17 43 60
17 44 61
17 45 62
17 46 63
17 47 64
17 48 65
17 49 66
17 50 67
17 51 68
17 52 69
17 53 70
17 54 71
17 55 72
17 56 73
17 57 74
17 58 75
17 59 76
17 60 77
17 61 78
17 62 79
17 63 80
17 64 81
17 65 82
17 66 83
17 67 84
17 68 85
17 69 86
17 70 87
17 71 88
17 72 89
17 73 90
17 74 91
17 75 92
17 76 93
17 77 94
17 78 95
17 79 96
17 80 0
17 81 1
17 82 2
17 83 3
17 84 4
17 85 5
17 86 6
17 87 7
17 88 8
17 89 9
17 90 10
17 91 11
17 92 12
17 93 13
17 94 14
17 95 15
17 96 16
18 0 18
18 1 19
18 2 20
18 3 21
18 4 22
18 5 23
18 6 24
18 7 25
18 8 26
18 9 27
18 10 28
18 11 29
18 12 30
18 13 31
18 14 32
18 15 33
18 16 34
18 17 35
18 18 36
18 19 37
18 20 38
18 21 39
18 22 40
18 23 41
18 24 42
18 25 43
18 26 44
18 27 45
18 28 46
18 29 47
18 30 48
18 31 49
18 32 50
18 33 51
18 34 52
18 35 53
18 36 54
18 37 55
18 38 56
18 39 57
18 40 58
18 41 59
18 42 60
18 43 61
18 44 62
18 45 63
18 46 64
18 47 65
18 48 66
18 49 67
18 50 68
18 51 69
18 52 70
18 53 71
18 54 72
18 55 73
18 56 74
18 57 75
18 58 76
18 59 77
18 60 78
18 61 79
18 62 80
18 63 81
18 64 82
18 65 83
18 66 84
18 67 85
18 68 86
18 69 87
18 70 88
18 71 89
18 72 90
18 73 91
18 74 92
18 75 93
18 76 94
18 77 95
18 78 96
18 79 0
18 80 1
18 81 2
18 82 3
18 83 4
18 84 5
18 85 6
18 86 7
18 87 8
18 88 9
18 89 10
18 90 11
18 91 12
18 92 13
18 93 14
18 94 15
18 95 16
18 96 17
19 0 19
19 1 20
19 2 21
19 3 22
19 4 23
19 5 24
19 6 25
19 7 26
19 8 27
19 9 28
19 10 29
19 11 30
19 12 31
19 13 32
19 14 33
19 15 34
19 16 35
19 17 36
19 18 37
19 19 38
19 20 39
19 21 40
19 22 41
19 23 42
19 24 43
19 25 44
19 26 45
19 27 46
19 28 47
19 29 48
19 30 49
19 31 50
19 32 51
19 33 52
19 34 53
19 35 54
19 36 55
19 37 56
19 38 57
19 39 58
19 40 59
19 41 60
19 42 61
19 43 62
19 44 63
19 45 64
19 46 65
19 47 66
19 48 67
19 49 68
19 50 69
19 51 70
19 52 71
19 53 72
19 54 73
19 55 74
19 56 75
19 57 76
19 58 77
19 59 78
19 60 79
19 61 80
19 62 81
19 63 82
19 64 83
19 65 84
19 66 85
19 67 86
19 68 87
19 69 88
19 70 89
19 71 90
19 72 91
19 73 92
19 74 93
19 75 94
19 76 95
19 77 96
19 78 0
19 79 1
19 80 2
19 81 3
19 82 4
19 83 5
19 84 6
19 85 7
19 86 8
19 87 9
19 88 10
19 89 11
19 90 12
19 91 13
19 92 14
19 93 15
19 94 16
19 95 17
19 96 18
20 0 20
20 1 21
20 2 22
20 3 23
20 4 24
20 5 25
20 6 26
20 7 27
20 8 28
20 9 29
20 10 30
20 11 31
20 12 32
20 13 33
20 14 34
20 15 35
20 16 36
20 17 37
20 18 38
20 19 39
20 20 40
20 21 41
20 22 42
20 23 43
20 24 44
20 25 45
20 26 46
20 27 47
20 28 48
20 29 49
20 30 50
20 31 51
20 32 52
20 33 53
20 34 54
20 35 55
20 36 56
20 37 57
20 38 58
20 39 59
20 40 60
20 41 61
20 42 62
20 43 63
20 44 64
20 45 65
20 46 66
20 47 67
20 48 68
20 49 69
20 50 70
20 51 71
20 52 72
20 53 73
20 54 74
20 55 75
20 56 76
20 57 77
20 58 78
20 59 79
20 60 80
20 61 81
20 62 82
20 63 83
20 64 84
20 65 85
20 66 86
20 67 87
20 68 88
20 69 89
20 70 90
20 71 91
20 72 92
20 73 93
20 74 94
20 75 95
20 76 96
20 77 0
20 78 1
20 79 2
20 80 3
20 81 4
20 82 5
20 83 6
20 84 7
20 85 8
20 86 9
20 87 10
20 88 11
20 89 12
20 90 13
20 91 14
20 92 15
20 93 16
20 94 17
20 95 18
20 96 19
21 0 21
21 1 22
21 2 23
21 3 24
21 4 25
21 5 26
21 6 27
21 7 28
21 8 29
21 9 30
21 10 31
21 11 32
21 12 33
21 13 34
21 14 35
21 15 36
21 16 37
21 17 38
21 18 39
21 19 40
21 20 41
21 21 42
21 22 43
21 23 44
21 24 45
21 25 46
21 26 47
21 27 48
21 28 49
21 29 50
21 30 51
21 31 52
21 32 53
21 33 54
21 34 55
21 35 56
21 36 57
21 37 58
21 38 59
21 39 60
21 40 61
21 41 62
21 42 63
21 43 64
21 44 65
21 45 66
21 46 67
21 47 68
21 48 69
21 49 70
21 50 71
21 51 72
21 52 73
21 53 74
21 54 75
21 55 76
21 56 77
21 57 78
21 58 79
21 59 80
21 60 81
21 61 82
21 62 83
21 63 84
21 64 85
21 65 86
21 66 87
21 67 88
21 68 89
21 69 90
21 70 91
21 71 92
21 72 93
21 73 94
21 74 95
21 75 96
21 76 0
21 77 1
21 78 2
21 79 3
21 80 4
21 81 5
21 82 6
21 83 7
21 84 8
21 85 9
21 86 10
21 87 11
21 88 12
21 89 13
21 90 14
21 91 15
21 92 16
21 93 17
21 94 18
21 95 19
21 96 20
22 0 22
22 1 23
22 2 24
22 3 25
22 4 26
22 5 27
22 6 28
22 7 29
22 8 30
22 9 31
22 10 32
22 11 33
22 12 34
22 13 35
22 14 36
22 15 37
22 16 38
22 17 39
22 18 40
22 19 41
22 20 42
22 21 43
22 22 44
22 23 45
22 24 46
22 25 47
22 26 48
22 27 49
22 28 50
22 29 51
22 30 52
22 31 53
22 32 54
22 33 55
22 34 56
22 35 57
22 36 58
22 37 59
22 38 60
22 39 61
22 40 62
22 41 63
22 42 64
22 43 65
22 44 66
22 45 67
22 46 68
22 47 69
22 48 70
22 49 71
22 50 72
22 51 73
22 52 74
22 53 75
22 54 76
22 55 77
22 56 78
22 57 79
22 58 80
22 59 81
22 60 82
22 61 83
22 62 84
22 63 85
22 64 86
22 65 87
22 66 88
22 67 89
22 68 90
22 69 91
22 70 92
22 71 93
22 72 94
22 73 95
22 74 96
22 75 0
22 76 1
22 77 2
22 78 3
22 79 4
22 80 5
22 81 6
22 82 7
22 83 8
22 84 9
22 85 10
22 86 11
22 87 12
22 88 13
22 89 14
22 90 15
22 91 16
22 92 17
22 93 18
22 94 19
22 95 20
22 96 21
23 0 23
23 1 24
23 2 25
23 3 26
23 4 27
23 5 28
23 6 29
23 7 30
23 8 31
23 9 32
23 10 33
23 11 34
23 12 35
23 13 36
23 14 37
23 15 38
23 16 39
23 17 40
23 18 41
23 19 42
23 20 43
23 21 44
23 22 45
23 23 46
23 24 47
23 25 48
23 26 49
23 27 50
23 28 51
23 29 52
23 30 53
23 31 54
23 32 55
23 33 56
23 34 57
23 35 58
23 36 59
23 37 60
23 38 61
23 39 62
23 40 63
23 41 64
23 42 65
23 43 66
23 44 67
23 45 68
23 46 69
23 47 70
23 48 71
23 49 72
23 50 73
23 51 74
23 52 75
23 53 76
23 54 77
23 55 78
23 56 79
23 57 80
23 58 81
23 59 82
23 60 83
23 61 84
23 62 85
23 63 86
23 64 87
23 65 88
23 66 89
23 67 90
23 68 91
23 69 92
23 70 93
23 71 94
23 72 95
23 73 96
23 74 0
23 75 1
23 76 2
23 77 3
23 78 4
23 79 5
23 80 6
23 81 7
23 82 8
23 83 9
23 84 10
23 85 11
23 86 12
23 87 13
23 88 14
23 89 15
23 90 16
23 91 17
23 92 18
23 93 19
23 94 20
23 95 21
23 96 22
24 0 24
24 1 25
24 2 26
24 3 27
24 4 28
24 5 29
24 6 30
24 7 31
24 8 32
24 9 33
24 10 34
24 11 35
24 12 36
24 13 37
24 14 38
24 15 39
24 16 40
24 17 41
24 18 42
24 19 43
24 20 44
24 21 45
24 22 46
24 23 47
24 24 48
24 25 49
24 26 50
24 27 51
24 28 52
24 29 53
24 30 54
24 31 55
24 32 56
24 33 57
24 34 58
24 35 59
24 36 60
24 37 61
24 38 62
24 39 63
24 40 64
24 41 65
24 42 66
24 43 67
24 44 68
24 45 69
24 46 70
24 47 71
24 48 72
24 49 73
24 50 74
24 51 75
24 52 76
24 53 77
24 54 78
24 55 79
24 56 80
24 57 81
24 58 82
24 59 83
24 60 84
24 61 85
24 62 86
24 63 87
24 64 88
24 65 89
24 66 90
24 67 91
24 68 92
24 69 93
24 70 94
24 71 95
24 72 96
24 73 0
24 74 1
24 75 2
24 76 3
24 77 4
24 78 5
24 79 6
24 80 7
24 81 8
24 82 9
24 83 10
24 84 11
24 85 12
24 86 13
24 87 14
24 88 15
24 89 16
24 90 17
24 91 18
24 92 19
24 93 20
24 94 21
24 95 22
24 96 23
25 0 25
25 1 26
25 2 27
25 3 28
25 4 29
25 5 30
25 6 31
25 7 32
25 8 33
25 9 34
25 10 35
25 11 36
25 12 37
25 13 38
25 14 39
25 15 40
25 16 41
25 17 42
25 18 43
25 19 44
25 20 45
25 21 46
25 22 47
25 23 48
25 24 49
25 25 50
25 26 51
25 27 52
25 28 53
25 29 54
25 30 55
25 31 56
25 32 57
25 33 58
25 34 59
25 35 60
25 36 61
25 37 62
25 38 63
25 39 64
25 40 65
25 41 66
25 42 67
25 43 68
25 44 69
25 45 70
25 46 71
25 47 72
25 48 73
25 49 74
25 50 75
25 51 76
25 52 77
25 53 78
25 54 79
25 55 80
25 56 81
25 57 82
25 58 83
25 59 84
25 60 85
25 61 86
25 62 87
25 63 88
25 64 89
25 65 90
25 66 91
25 67 92
25 68 93
25 69 94
25 70 95
25 71 96
25 72 0
25 73 1
25 74 2
25 75 3
25 76 4
25 77 5
25 78 6
25 79 7
25 80 8
25 81 9
25 82 10
25 83 11
25 84 12
25 85 13
25 86 14
25 87 15
25 88 16
25 89 17
25 90 18
25 91 19
25 92 20
25 93 21
25 94 22
25 95 23
25 96 24
26 0 26
26 1 27
26 2 28
26 3 29
26 4 30
26 5 31
26 6 32
26 7 33
26 8 34
26 9 35
26 10 36
26 11 37
26 12 38
26 13 39
26 14 40
26 15 41
26 16 42
26 17 43
26 18 44
26 19 45
26 20 46
26 21 47
26 22 48
26 23 49
26 24 50
26 25 51
26 26 52
26 27 53
26 28 54
26 29 55
26 30 56
26 31 57
26 32 58
26 33 59
26 34 60
26 35 61
26 36 62
26 37 63
26 38 64
26 39 65
26 40 66
26 41 67
26 42 68
26 43 69
26 44 70
26 45 71
26 46 72
26 47 73
26 48 74
26 49 75
26 50 76
26 51 77
26 52 78
26 53 79
26 54 80
26 55 81
26 56 82
26 57 83
26 58 84
26 59 85
26 60 86
26 61 87
26 62 88
26 63 89
26 64 90
26 65 91
26 66 92
26 67 93
26 68 94
26 69 95
26 70 96
26 71 0
26 72 1
26 73 2
26 74 3
26 75 4
26 76 5
26 77 6
26 78 7
26 79 8
26 80 9
26 81 10
26 82 11
26 83 12
26 84 13
26 85 14
26 86 15
26 87 16
26 88 17
26 89 18
26 90 19
26 91 20
26 92 21
26 93 22
26 94 23
26 95 24
26 96 25
27 0 27
27 1 28
27 2 29
27 3 30
27 4 31
27 5 32
27 6 33
27 7 34
27 8 35
27 9 36
27 10 37
27 11 38
27 12 39
27 13 40
27 14 41
27 15 42
27 16 43
27 17 44
27 18 45
27 19 46
27 20 47
27 21 48
27 22 49
27 23 50
27 24 51
27 25 52
27 26 53
27 27 54
27 28 55
27 29 56
27 30 57
27 31 58
27 32 59
27 33 60
27 34 61
27 35 62
27 36 63
27 37 64
27 38 65
27 39 66
27 40 67
27 41 68
27 42 69
27 43 70
27 44 71
27 45 72
27 46 73
27 47 74
27 48 75
27 49 76
27 50 77
27 51 78
27 52 79
27 53 80
27 54 81
27 55 82
27 56 83
27 57 84
27 58 85
27 59 86
27 60 87
27 61 88
27 62 89
27 63 90
27 64 91
27 65 92
27 66 93
27 67 94
27 68 95
27 69 96
27 70 0
27 71 1
27 72 2
27 73 3
27 74 4
27 75 5
27 76 6
27 77 7
27 78 8
27 79 9
27 80 10
27 81 11
27 82 12
27 83 13
27 84 14
27 85 15
27 86 16
27 87 17
27 88 18
27 89 19
27 90 20
27 91 21
27 92 22
27 93 23
27 94 24
27 95 25
27 96 26
28 0 28
28 1 29
28 2 30
28 3 31
28 4 32
28 5 33
28 6 34
28 7 35
28 8 36
28 9 37
28 10 38
28 11 39
28 12 40
28 13 41
28 14 42
28 15 43
28 16 44
28 17 45
28 18 46
28 19 47
28 20 48
28 21 49
28 22 50
28 23 51
28 24 52
28 25 53
28 26 54
28 27 55
28 28 56
28 29 57
28 30 58
28 31 59
28 32 60
28 33 61
28 34 62
28 35 63
28 36 64
28 37 65
28 38 66
28 39 67
28 40 68
28 41 69
28 42 70
28 43 71
28 44 72
28 45 73
28 46 74
28 47 75
28 48 76
28 49 77
28 50 78
28 51 79
28 52 80
28 53 81
28 54 82
28 55 83
28 56 84
28 57 85
28 58 86
28 59 87
28 60 88
28 61 89
28 62 90
28 63 91
28 64 92
28 65 93
28 66 94
28 67 95
28 68 96
28 69 0
28 70 1
28 71 2
28 72 3
28 73 4
28 74 5
28 75 6
28 76 7
28 77 8
28 78 9
28 79 10
28 80 11
28 81 12
28 82 13
28 83 14
28 84 15
28 85 16
28 86 17
28 87 18
28 88 19
28 89 20
28 90 21
28 91 22
28 92 23
28 93 24
28 94 25
28 95 26
28 96 27
29 0 29
29 1 30
29 2 31
29 3 32
29 4 33
29 5 34
29 6 35
29 7 36
29 8 37
29 9 38
29 10 39
29 11 40
29 12 41
29 13 42
29 14 43
29 15 44
29 16 45
29 17 46
29 18 47
29 19 48
29 20 49
29 21 50
29 22 51
29 23 52
29 24 53
29 25 54
29 26 55
29 27 56
29 28 57
29 29 58
29 30 59
29 31 60
29 32 61
29 33 62
29 34 63
29 35 64
29 36 65
29 37 66
29 38 67
29 39 68
29 40 69
29 41 70
29 42 71
29 43 72
29 44 73
29 45 74
29 46 75
29 47 76
29 48 77
29 49 78
29 50 79
29 51 80
29 52 81
29 53 82
29 54 83
29 55 84
29 56 85
29 57 86
29 58 87
29 59 88
29 60 89
29 61 90
29 62 91
29 63 92
29 64 93
29 65 94
29 66 95
29 67 96
29 68 0
29 69 1
29 70 2
29 71 3
29 72 4
29 73 5
29 74 6
29 75 7
29 76 8
29 77 9
29 78 10
29 79 11
29 80 12
29 81 13
29 82 14
29 83 15
29 84 16
29 85 17
29 86 18
29 87 19
29 88 20
29 89 21
29 90 22
29 91 23
29 92 24
29 93 25
29 94 26
29 95 27
29 96 28
30 0 30
30 1 31
30 2 32
30 3 33
30 4 34
30 5 35
30 6 36
30 7 37
30 8 38
30 9 39
30 10 40
30 11 41
30 12 42
30 13 43
30 14 44
30 15 45
30 16 46
30 17 47
30 18 48
30 19 49
30 20 50
30 21 51
30 22 52
30 23 53
30 24 54
30 25 55
30 26 56
30 27 57
30 28 58
30 29 59
30 30 60
30 31 61
30 32 62
30 33 63
30 34 64
30 35 65
30 36 66
30 37 67
30 38 68
30 39 69
30 40 70
30 41 71
30 42 72
30 43 73
30 44 74
30 45 75
30 46 76
30 47 77
30 48 78
30 49 79
30 50 80
30 51 81
30 52 82
30 53 83
30 54 84
30 55 85
30 56 86
30 57 87
30 58 88
30 59 89
30 60 90
30 61 91
30 62 92
30 63 93
30 64 94
30 65 95
30 66 96
30 67 0
30 68 1
30 69 2
30 70 3
30 71 4
30 72 5
30 73 6
30 74 7
30 75 8
30 76 9
30 77 10
30 78 11
30 79 12
30 80 13
30 81 14
30 82 15
30 83 16
30 84 17
30 85 18
30 86 19
30 87 20
30 88 21
30 89 22
30 90 23
30 91 24
30 92 25
30 93 26
30 94 27
30 95 28
30 96 29
31 0 31
31 1 32
31 2 33
31 3 34
31 4 35
31 5 36
31 6 37
31 7 38
31 8 39
31 9 40
31 10 41
31 11 42
31 12 43
31 13 44
31 14 45
31 15 46
31 16 47
31 17 48
31 18 49
31 19 50
31 20 51
31 21 52
31 22 53
31 23 54
31 24 55
31 25 56
31 26 57
31 27 58
31 28 59
31 29 60
31 30 61
31 31 62
31 32 63
31 33 64
31 34 65
31 35 66
31 36 67
31 37 68
31 38 69
31 39 70
31 40 71
31 41 72
31 42 73
31 43 74
31 44 75
31 45 76
31 46 77
31 47 78
31 48 79
31 49 80
31 50 81
31 51 82
31 52 83
31 53 84
31 54 85
31 55 86
31 56 87
31 57 88
31 58 89
31 59 90
31 60 91
31 61 92
31 62 93
31 63 94
31 64 95
31 65 96
31 66 0
31 67 1
31 68 2
31 69 3
31 70 4
31 71 5
31 72 6
31 73 7
31 74 8
31 75 9
31 76 10
31 77 11
31 78 12
31 79 13
31 80 14
31 81 15
31 82 16
31 83 17
31 84 18
31 85 19
31 86 20
31 87 21
31 88 22
31 89 23
31 90 24
31 91 25
31 92 26
31 93 27
31 94 28
31 95 29
31 96 30
32 0 32
32 1 33
32 2 34
32 3 35
32 4 36
32 5 37
32 6 38
32 7 39
32 8 40
32 9 41
32 10 42
32 11 43
32 12 44
32 13 45
32 14 46
32 15 47
32 16 48
32 17 49
32 18 50
32 19 51
32 20 52
32 21 53
32 22 54
32 23 55
32 24 56
32 25 57
32 26 58
32 27 59
32 28 60
32 29 61
32 30 62
32 31 63
32 32 64
32 33 65
32 34 66
32 35 67
32 36 68
32 37 69
32 38 70
32 39 71
32 40 72
32 41 73
32 42 74
32 43 75
32 44 76
32 45 77
32 46 78
32 47 79
32 48 80
32 49 81
32 50 82
32 51 83
32 52 84
32 53 85
32 54 86
32 55 87
32 56 88
32 57 89
32 58 90
32 59 91
32 60 92
32 61 93
32 62 94
32 63 95
32 64 96
32 65 0
32 66 1
32 67 2
32 68 3
32 69 4
32 70 5
32 71 6
32 72 7
32 73 8
32 74 9
32 75 10
32 76 11
32 77 12
32 78 13
32 79 14
32 80 15
32 81 16
32 82 17
32 83 18
32 84 19
32 85 20
32 86 21
32 87 22
32 88 23
32 89 24
32 90 25
32 91 26
32 92 27
32 93 28
32 94 29
32 95 30
32 96 31
33 0 33
33 1 34
33 2 35
33 3 36
33 4 37
33 5 38
33 6 39
33 7 40
33 8 41
33 9 42
33 10 43
33 11 44
33 12 45
33 13 46
33 14 47
33 15 48
33 16 49
33 17 50
33 18 51
33 19 52
33 20 53
33 21 54
33 22 55
33 23 56
33 24 57
33 25 58
33 26 59
33 27 60
33 28 61
33 29 62
33 30 63
33 31 64
33 32 65
33 33 66
33 34 67
33 35 68
33 36 69
33 37 70
33 38 71
33 39 72
33 40 73
33 41 74
33 42 75
33 43 76
33 44 77
33 45 78
33 46 79
33 47 80
33 48 81
33 49 82
33 50 83
33 51 84
33 52 85
33 53 86
33 54 87
33 55 88
33 56 89
33 57 90
33 58 91
33 59 92
33 60 93
33 61 94
33 62 95
33 63 96
33 64 0
33 65 1
33 66 2
33 67 3
33 68 4
33 69 5
33 70 6
33 71 7
33 72 8
33 73 9
33 74 10
33 75 11
33 76 12
33 77 13
33 78 14
33 79 15
33 80 16
33 81 17
33 82 18
33 83 19
33 84 20
33 85 21
33 86 22
33 87 23
33 88 24
33 89 25
33 90 26
33 91 27
33 92 28
33 93 29
33 94 30
33 95 31
33 96 32
34 0 34
34 1 35
34 2 36
34 3 37
34 4 38
34 5 39
34 6 40
34 7 41
34 8 42
34 9 43
34 10 44
34 11 45
34 12 46
34 13 47
34 14 48
34 15 49
34 16 50
34 17 51
34 18 52
34 19 53
34 20 54
34 21 55
34 22 56
34 23 57
34 24 58
34 25 59
34 26 60
34 27 61
34 28 62
34 29 63
34 30 64
34 31 65
34 32 66
34 33 67
34 34 68
34 35 69
34 36 70
34 37 71
34 38 72
34 39 73
34 40 74
34 41 75
34 42 76
34 43 77
34 44 78
34 45 79
34 46 80
34 47 81
34 48 82
34 49 83
34 50 84
34 51 85
34 52 86
34 53 87
34 54 88
34 55 89
34 56 90
34 57 91
34 58 92
34 59 93
34 60 94
34 61 95
34 62 96
34 63 0
34 64 1
34 65 2
34 66 3
34 67 4
34 68 5
34 69 6
34 70 7
34 71 8
34 72 9
34 73 10
34 74 11
34 75 12
34 76 13
34 77 14
34 78 15
34 79 16
34 80 17
34 81 18
34 82 19
34 83 20
34 84 21
34 85 22
34 86 23
34 87 24
34 88 25
34 89 26
34 90 27
34 91 28
34 92 29
34 93 30
34 94 31
34 95 32
34 96 33
35 0 35
35 1 36
35 2 37
35 3 38
35 4 39
35 5 40
35 6 41
35 7 42
35 8 43
35 9 44
35 10 45
35 11 46
35 12 47
35 13 48
35 14 49
35 15 50
35 16 51
35 17 52
35 18 53
35 19 54
35 20 55
35 21 56
35 22 57
35 23 58
35 24 59
35 25 60
35 26 61
35 27 62
35 28 63
35 29 64
35 30 65
35 31 66
35 32 67
35 33 68
35 34 69
35 35 70
35 36 71
35 37 72
35 38 73
35 39 74
35 40 75
35 41 76
35 42 77
35 43 78
35 44 79
35 45 80
35 46 81
35 47 82
35 48 83
35 49 84
35 50 85
35 51 86
35 52 87
35 53 88
35 54 89
35 55 90
35 56 91
35 57 92
35 58 93
35 59 94
35 60 95
35 61 96
35 62 0
35 63 1
35 64 2
35 65 3
35 66 4
35 67 5
35 68 6
35 69 7
35 70 8
35 71 9
35 72 10
35 73 11
35 74 12
35 75 13
35 76 14
35 77 15
35 78 16
35 79 17
35 80 18
35 81 19
35 82 20
35 83 21
35 84 22
35 85 23
35 86 24
35 87 25
35 88 26
35 89 27
35 90 28
35 91 29
35 92 30
35 93 31
35 94 32
35 95 33
35 96 34
36 0 36
36 1 37
36 2 38
36 3 39
36 4 40
36 5 41
36 6 42
36 7 43
36 8 44
36 9 45
36 10 46
36 11 47
36 12 48
36 13 49
36 14 50
36 15 51
36 16 52
36 17 53
36 18 54
36 19 55
36 20 56
36 21 57
36 22 58
36 23 59
36 24 60
36 25 61
36 26 62
36 27 63
36 28 64
36 29 65
36 30 66
36 31 67
36 32 68
36 33 69
36 34 70
36 35 71
36 36 72
36 37 73
36 38 74
36 39 75
36 40 76
36 41 77
36 42 78
36 43 79
36 44 80
36 45 81
36 46 82
36 47 83
36 48 84
36 49 85
36 50 86
36 51 87
36 52 88
36 53 89
36 54 90
36 55 91
36 56 92
36 57 93
36 58 94
36 59 95
36 60 96
36 61 0
36 62 1
36 63 2
36 64 3
36 65 4
36 66 5
36 67 6
36 68 7
36 69 8
36 70 9
36 71 10
36 72 11
36 73 12
36 74 13
36 75 14
36 76 15
36 77 16
36 78 17
36 79 18
36 80 19
36 81 20
36 82 21
36 83 22
36 84 23
36 85 24
36 86 25
36 87 26
36 88 27
36 89 28
36 90 29
36 91 30
36 92 31
36 93 32
36 94 33
36 95 34
36 96 35
37 0 37
37 1 38
37 2 39
37 3 40
37 4 41
37 5 42
37 6 43
37 7 44
37 8 45
37 9 46
37 10 47
37 11 48
37 12 49
37 13 50
37 14 51
37 15 52
37 16 53
37 17 54
37 18 55
37 19 56
37 20 57
37 21 58
37 22 59
37 23 60
37 24 61
37 25 62
37 26 63
37 27 64
37 28 65
37 29 66
37 30 67
37 31 68
37 32 69
37 33 70
37 34 71
37 35 72
37 36 73
37 37 74
37 38 75
37 39 76
37 40 77
37 41 78
37 42 79
37 43 80
37 44 81
37 45 82
37 46 83
37 47 84
37 48 85
37 49 86
37 50 87
37 51 88
37 52 89
37 53 90
37 54 91
37 55 92
37 56 93
37 57 94
37 58 95
37 59 96
37 60 0
37 61 1
37 62 2
37 63 3
37 64 4
37 65 5
37 66 6
37 67 7
37 68 8
37 69 9
37 70 10
37 71 11
37 72 12
37 73 13
37 74 14
37 75 15
37 76 16
37 77 17
37 78 18
37 79 19
37 80 20
37 81 21
37 82 22
37 83 23
37 84 24
37 85 25
37 86 26
37 87 27
37 88 28
37 89 29
37 90 30
37 91 31
37 92 32
37 93 33
37 94 34
37 95 35
37 96 36
38 0 38
38 1 39
38 2 40
38 3 41
38 4 42
38 5 43
38 6 44
38 7 45
38 8 46
38 9 47
38 10 48
38 11 49
38 12 50
38 13 51
38 14 52
38 15 53
38 16 54
38 17 55
38 18 56
38 19 57
38 20 58
38 21 59
38 22 60
38 23 61
38 24 62
38 25 63
38 26 64
38 27 65
38 28 66
38 29 67
38 30 68
38 31 69
38 32 70
38 33 71
38 34 72
38 35 73
38 36 74
38 37 75
38 38 76
38 39 77
38 40 78
38 41 79
38 42 80
38 43 81
38 44 82
38 45 83
38 46 84
38 47 85
38 48 86
38 49 87
38 50 88
38 51 89
38 52 90
38 53 91
38 54 92
38 55 93
38 56 94
38 57 95
38 58 96
38 59 0
38 60 1
38 61 2
38 62 3
38 63 4
38 64 5
38 65 6
38 66 7
38 67 8
38 68 9
38 69 10
38 70 11
38 71 12
38 72 13
38 73 14
38 74 15
38 75 16
38 76 17
38 77 18
38 78 19
38 79 20
38 80 21
38 81 22
38 82 23
38 83 24
38 84 25
38 85 26
38 86 27
38 87 28
38 88 29
38 89 30
38 90 31
38 91 32
38 92 33
38 93 34
38 94 35
38 95 36
38 96 37
39 0 39
39 1 40
39 2 41
39 3 42
39 4 43
39 5 44
39 6 45
39 7 46
39 8 47
39 9 48
39 10 49
39 11 50
39 12 51
39 13 52
39 14 53
39 15 54
39 16 55
39 17 56
39 18 57
39 19 58
39 20 59
39 21 60
39 22 61
39 23 62
39 24 63
39 25 64
39 26 65
39 27 66
39 28 67
39 29 68
39 30 69
39 31 70
39 32 71
39 33 72
39 34 73
39 35 74
39 36 75
39 37 76
39 38 77
39 39 78
39 40 79
39 41 80
39 42 81
39 43 82
39 44 83
39 45 84
39 46 85
39 47 86
39 48 87
39 49 88
39 50 89
39 51 90
39 52 91
39 53 92
39 54 93
39 55 94
39 56 95
39 57 96
39 58 0
39 59 1
39 60 2
39 61 3
39 62 4
39 63 5
39 64 6
39 65 7
39 66 8
39 67 9
39 68 10
39 69 11
39 70 12
39 71 13
39 72 14
39 73 15
39 74 16
39 75 17
39 76 18
39 77 19
39 78 20
39 79 21
39 80 22
39 81 23
39 82 24
39 83 25
39 84 26
39 85 27
39 86 28
39 87 29
39 88 30
39 89 31
39 90 32
39 91 33
39 92 34
39 93 35
39 94 36
39 95 37
39 96 38
40 0 40
40 1 41
40 2 42
40 3 43
40 4 44
40 5 45
40 6 46
40 7 47
40 8 48
40 9 49
40 10 50
40 11 51
40 12 52
40 13 53
40 14 54
40 15 55
40 16 56
40 17 57
40 18 58
40 19 59
40 20 60
40 21 61
40 22 62
40 23 63
40 24 64
40 25 65
40 26 66
40 27 67
40 28 68
40 29 69
40 30 70
40 31 71
40 32 72
40 33 73
40 34 74
40 35 75
40 36 76
40 37 77
40 38 78
40 39 79
40 40 80
40 41 81
40 42 82
40 43 83
40 44 84
40 45 85
40 46 86
40 47 87
40 48 88
40 49 89
40 50 90
40 51 91
40 52 92
40 53 93
40 54 94
40 55 95
40 56 96
40 57 0
40 58 1
40 59 2
40 60 3
40 61 4
40 62 5
40 63 6
40 64 7
40 65 8
40 66 9
40 67 10
40 68 11
40 69 12
40 70 13
40 71 14
40 72 15
40 73 16
40 74 17
40 75 18
40 76 19
40 77 20
40 78 21
40 79 22
40 80 23
40 81 24
40 82 25
40 83 26
40 84 27
40 85 28
40 86 29
40 87 30
40 88 31
40 89 32
40 90 33
40 91 34
40 92 35
40 93 36
40 94 37
40 95 38
40 96 39
41 0 41
41 1 42
41 2 43
41 3 44
41 4 45
41 5 46
41 6 47
41 7 48
41 8 49
41 9 50
41 10 51
41 11 52
41 12 53
41 13 54
41 14 55
41 15 56
41 16 57
41 17 58
41 18 59
41 19 60
41 20 61
41 21 62
41 22 63
41 23 64
41 24 65
41 25 66
41 26 67
41 27 68
41 28 69
41 29 70
41 30 71
41 31 72
41 32 73
41 33 74
41 34 75
41 35 76
41 36 77
41 37 78
41 38 79
41 39 80
41 40 81
41 41 82
41 42 83
41 43 84
41 44 85
41 45 86
41 46 87
41 47 88
41 48 89
41 49 90
41 50 91
41 51 92
41 52 93
41 53 94
41 54 95
41 55 96
41 56 0
41 57 1
41 58 2
41 59 3
41 60 4
41 61 5
41 62 6
41 63 7
41 64 8
41 65 9
41 66 10
41 67 11
41 68 12
41 69 13
41 70 14
41 71 15
41 72 16
41 73 17
41 74 18
41 75 19
41 76 20
41 77 21
41 78 22
41 79 23
41 80 24
41 81 25
41 82 26
41 83 27
41 84 28
41 85 29
41 86 30
41 87 31
41 88 32
41 89 33
41 90 34
41 91 35
41 92 36
41 93 37
41 94 38
41 95 39
41 96 40
42 0 42
42 1 43
42 2 44
42 3 45
42 4 46
42 5 47
42 6 48
42 7 49
42 8 50
42 9 51
42 10 52
42 11 53
42 12 54
42 13 55
42 14 56
42 15 57
42 16 58
42 17 59
42 18 60
42 19 61
42 20 62
42 21 63
42 22 64
42 23 65
42 24 66
42 25 67
42 26 68
42 27 69
42 28 70
42 29 71
42 30 72
42 31 73
42 32 74
42 33 75
42 34 76
42 35 77
42 36 78
42 37 79
42 38 80
42 39 81
42 40 82
42 41 83
42 42 84
42 43 85
42 44 86
42 45 87
42 46 88
42 47 89
42 48 90
42 49 91
42 50 92
42 51 93
42 52 94
42 53 95
42 54 96
42 55 0
42 56 1
42 57 2
42 58 3
42 59 4
42 60 5
42 61 6
42 62 7
42 63 8
42 64 9
42 65 10
42 66 11
42 67 12
42 68 13
42 69 14
42 70 15
42 71 16
42 72 17
42 73 18
42 74 19
42 75 20
42 76 21
42 77 22
42 78 23
42 79 24
42 80 25
42 81 26
42 82 27
42 83 28
42 84 29
42 85 30
42 86 31
42 87 32
42 88 33
42 89 34
42 90 35
42 91 36
42 92 37
42 93 38
42 94 39
42 95 40
42 96 41
43 0 43
43 1 44
43 2 45
43 3 46
43 4 47
43 5 48
43 6 49
43 7 50
43 8 51
43 9 52
43 10 53
43 11 54
43 12 55
43 13 56
43 14 57
43 15 58
43 16 59
43 17 60
43 18 61
43 19 62
43 20 63
43 21 64
43 22 65
43 23 66
43 24 67
43 25 68
43 26 69
43 27 70
43 28 71
43 29 72
43 30 73
43 31 74
43 32 75
43 33 76
43 34 77
43 35 78
43 36 79
43 37 80
43 38 81
43 39 82
43 40 83
43 41 84
43 42 85
43 43 86
43 44 87
43 45 88
43 46 89
43 47 90
43 48 91
43 49 92
43 50 93
43 51 94
43 52 95
43 53 96
43 54 0
43 55 1
43 56 2
43 57 3
43 58 4
43 59 5
43 60 6
43 61 7
43 62 8
43 63 9
43 64 10
43 65 11
43 66 12
43 67 13
43 68 14
43 69 15
43 70 16
43 71 17
43 72 18
43 73 19
43 74 20
43 75 21
43 76 22
43 77 23
43 78 24
43 79 25
43 80 26
43 81 27
43 82 28
43 83 29
43 84 30
43 85 31
43 86 32
43 87 33
43 88 34
43 89 35
43 90 36
43 91 37
43 92 38
43 93 39
43 94 40
43 95 41
43 96 42
44 0 44
44 1 45
44 2 46
44 3 47
44 4 48
44 5 49
44 6 50
44 7 51
44 8 52
44 9 53
44 10 54
44 11 55
44 12 56
44 13 57
44 14 58
44 15 59
44 16 60
44 17 61
44 18 62
44 19 63
44 20 64
44 21 65
44 22 66
44 23 67
44 24 68
44 25 69
44 26 70
44 27 71
44 28 72
44 29 73
44 30 74
44 31 75
44 32 76
44 33 77
44 34 78
44 35 79
44 36 80
44 37 81
44 38 82
44 39 83
44 40 84
44 41 85
44 42 86
44 43 87
44 44 88
44 45 89
44 46 90
44 47 91
44 48 92
44 49 93
44 50 94
44 51 95
44 52 96
44 53 0
44 54 1
44 55 2
44 56 3
44 57 4
44 58 5
44 59 6
44 60 7
44 61 8
44 62 9
44 63 10
44 64 11
44 65 12
44 66 13
44 67 14
44 68 15
44 69 16
44 70 17
44 71 18
44 72 19
44 73 20
44 74 21
44 75 22
44 76 23
44 77 24
44 78 25
44 79 26
44 80 27
44 81 28
44 82 29
44 83 30
44 84 31
44 85 32
44 86 33
44 87 34
44 88 35
44 89 36
44 90 37
44 91 38
44 92 39
44 93 40
44 94 41
44 95 42
44 96 43
45 0 45
45 1 46
45 2 47
45 3 48
45 4 49
45 5 50
45 6 51
45 7 52
45 8 53
45 9 54
45 10 55
45 11 56
45 12 57
45 13 58
45 14 59
45 15 60
45 16 61
45 17 62
45 18 63
45 19 64
45 20 65
45 21 66
45 22 67
45 23 68
45 24 69
45 25 70
45 26 71
45 27 72
45 28 73
45 29 74
45 30 75
45 31 76
45 32 77
45 33 78
45 34 79
45 35 80
45 36 81
45 37 82
45 38 83
45 39 84
45 40 85
45 41 86
45 42 87
45 43 88
45 44 89
45 45 90
45 46 91
45 47 92
45 48 93
45 49 94
45 50 95
45 51 96
45 52 0
45 53 1
45 54 2
45 55 3
45 56 4
45 57 5
45 58 6
45 59 7
45 60 8
45 61 9
45 62 10
45 63 11
45 64 12
45 65 13
45 66 14
45 67 15
45 68 16
45 69 17
45 70 18
45 71 19
45 72 20
45 73 21
45 74 22
45 75 23
45 76 24
45 77 25
45 78 26
45 79 27
45 80 28
45 81 29
45 82 30
45 83 31
45 84 32
45 85 33
45 86 34
45 87 35
45 88 36
45 89 37
45 90 38
45 91 39
45 92 40
45 93 41
45 94 42
45 95 43
45 96 44
46 0 46
46 1 47
46 2 48
46 3 49
46 4 50
46 5 51
46 6 52
46 7 53
46 8 54
46 9 55
46 10 56
46 11 57
46 12 58
46 13 59
46 14 60
46 15 61
46 16 62
46 17 63
46 18 64
46 19 65
46 20 66
46 21 67
46 22 68
46 23 69
46 24 70
46 25 71
46 26 72
46 27 73
46 28 74
46 29 75
46 30 76
46 31 77
46 32 78
46 33 79
46 34 80
46 35 81
46 36 82
46 37 83
46 38 84
46 39 85
46 40 86
46 41 87
46 42 88
46 43 89
46 44 90
46 45 91
46 46 92
46 47 93
46 48 94
46 49 95
46 50 96
46 51 0
46 52 1
46 53 2
46 54 3
46 55 4
46 56 5
46 57 6
46 58 7
46 59 8
46 60 9
46 61 10
46 62 11
46 63 12
46 64 13
46 65 14
46 66 15
46 67 16
46 68 17
46 69 18
46 70 19
46 71 20
46 72 21
46 73 22
46 74 23
46 75 24
46 76 25
46 77 26
46 78 27
46 79 28
46 80 29
46 81 30
46 82 31
46 83 32
46 84 33
46 85 34
46 86 35
46 87 36
46 88 37
46 89 38
46 90 39
46 91 40
46 92 41
46 93 42
46 94 43
46 95 44
46 96 45
47 0 47
47 1 48
47 2 49
47 3 50
47 4 51
47 5 52
47 6 53
47 7 54
47 8 55
47 9 56
47 10 57
47 11 58
47 12 59
47 13 60
47 14 61
47 15 62
47 16 63
47 17 64
47 18 65
47 19 66
47 20 67
47 21 68
47 22 69
47 23 70
47 24 71
47 25 72
47 26 73
47 27 74
47 28 75
47 29 76
47 30 77
47 31 78
47 32 79
47 33 80
47 34 81
47 35 82
47 36 83
47 37 84
47 38 85
47 39 86
47 40 87
47 41 88
47 42 89
47 43 90
47 44 91
47 45 92
47 46 93
47 47 94
47 48 95
47 49 96
47 50 0
47 51 1
47 52 2
47 53 3
47 54 4
47 55 5
47 56 6
47 57 7
47 58 8
47 59 9
47 60 10
47 61 11
47 62 12
47 63 13
47 64 14
47 65 15
47 66 16
47 67 17
47 68 18
47 69 19
47 70 20
47 71 21
47 72 22
47 73 23
47 74 24
47 75 25
47 76 26
47 77 27
47 78 28
47 79 29
47 80 30
47 81 31
47 82 32
47 83 33
47 84 34
47 85 35
47 86 36
47 87 37
47 88 38
47 89 39
47 90 40
47 91 41
47 92 42
47 93 43
47 94 44
47 95 45
47 96 46
48 0 48
48 1 49
48 2 50
48 3 51
48 4 52
48 5 53
48 6 54
48 7 55
48 8 56
48 9 57
48 10 58
48 11 59
48 12 60
48 13 61
48 14 62
48 15 63
48 16 64
48 17 65
48 18 66
48 19 67
48 20 68
48 21 69
48 22 70
48 23 71
48 24 72
48 25 73
48 26 74
48 27 75
48 28 76
48 29 77
48 30 78
48 31 79
48 32 80
48 33 81
48 34 82
48 35 83
48 36 84
48 37 85
48 38 86
48 39 87
48 40 88
48 41 89
48 42 90
48 43 91
48 44 92
48 45 93
48 46 94
48 47 95
48 48 96
48 49 0
48 50 1
48 51 2
48 52 3
48 53 4
48 54 5
48 55 6
48 56 7
48 57 8
48 58 9
48 59 10
48 60 11
48 61 12
48 62 13
48 63 14
48 64 15
48 65 16
48 66 17
48 67 18
48 68 19
48 69 20
48 70 21
48 71 22
48 72 23
48 73 24
48 74 25
48 75 26
48 76 27
48 77 28
48 78 29
48 79 30
48 80 31
48 81 32
48 82 33
48 83 34
48 84 35
48 85 36
48 86 37
48 87 38
48 88 39
48 89 40
48 90 41
48 91 42
48 92 43
48 93 44
48 94 45
48 95 46
48 96 47
49 0 49
49 1 50
49 2 51
49 3 52
49 4 53
49 5 54
49 6 55
49 7 56
49 8 57
49 9 58
49 10 59
49 11 60
49 12 61
49 13 62
49 14 63
49 15 64
49 16 65
49 17 66
49 18 67
49 19 68
49 20 69
49 21 70
49 22 71
49 23 72
49 24 73
49 25 74
49 26 75
49 27 76
49 28 77
49 29 78
49 30 79
49 31 80
49 32 81
49 33 82
49 34 83
49 35 84
49 36 85
49 37 86
49 38 87
49 39 88
49 40 89
49 41 90
49 42 91
49 43 92
49 44 93
49 45 94
49 46 95
49 47 96
49 48 0
49 49 1
49 50 2
49 51 3
49 52 4
49 53 5
49 54 6
49 55 7
49 56 8
49 57 9
49 58 10
49 59 11
49 60 12
49 61 13
49 62 14
49 63 15
49 64 16
49 65 17
49 66 18
49 67 19
49 68 20
49 69 21
49 70 22
49 71 23
49 72 24
49 73 25
49 74 26
49 75 27
49 76 28
49 77 29
49 78 30
49 79 31
49 80 32
49 81 33
49 82 34
49 83 35
49 84 36
49 85 37
49 86 38
49 87 39
49 88 40
49 89 41
49 90 42
49 91 43
49 92 44
49 93 45
49 94 46
49 95 47
49 96 48
50 0 50
50 1 51
50 2 52
50 3 53
50 4 54
50 5 55
50 6 56
50 7 57
50 8 58
50 9 59
50 10 60
50 11 61
50 12 62
50 13 63
50 14 64
50 15 65
50 16 66
50 17 67
50 18 68
50 19 69
50 20 70
50 21 71
50 22 72
50 23 73
50 24 74
50 25 75
50 26 76
50 27 77
50 28 78
50 29 79
50 30 80
50 31 81
50 32 82
50 33 83
50 34 84
50 35 85
50 36 86
50 37 87
50 38 88
50 39 89
50 40 90
50 41 91
50 42 92
50 43 93
50 44 94
50 45 95
50 46 96
50 47 0
50 48 1
50 49 2
50 50 3
50 51 4
50 52 5
50 53 6
50 54 7
50 55 8
50 56 9
50 57 10
50 58 11
50 59 12
50 60 13
50 61 14
50 62 15
50 63 16
50 64 17
50 65 18
50 66 19
50 67 20
50 68 21
50 69 22
50 70 23
50 71 24
50 72 25
50 73 26
50 74 27
50 75 28
50 76 29
50 77 30
50 78 31
50 79 32
50 80 33
50 81 34
50 82 35
50 83 36
50 84 37
50 85 38
50 86 39
50 87 40
50 88 41
50 89 42
50 90 43
50 91 44
50 92 45
50 93 46
50 94 47
50 95 48
50 96 49
51 0 51
51 1 52
51 2 53
51 3 54
51 4 55
51 5 56
51 6 57
51 7 58
51 8 59
51 9 60
51 10 61
51 11 62
51 12 63
51 13 64
51 14 65
51 15 66
51 16 67
51 17 68
51 18 69
51 19 70
51 20 71
51 21 72
51 22 73
51 23 74
51 24 75
51 25 76
51 26 77
51 27 78
51 28 79
51 29 80
51 30 81
51 31 82
51 32 83
51 33 84
51 34 85
51 35 86
51 36 87
51 37 88
51 38 89
51 39 90
51 40 91
51 41 92
51 42 93
51 43 94
51 44 95
51 45 96
51 46 0
51 47 1
51 48 2
51 49 3
51 50 4
51 51 5
51 52 6
51 53 7
51 54 8
51 55 9
51 56 10
51 57 11
51 58 12
51 59 13
51 60 14
51 61 15
51 62 16
51 63 17
51 64 18
51 65 19
51 66 20
51 67 21
51 68 22
51 69 23
51 70 24
51 71 25
51 72 26
51 73 27
51 74 28
51 75 29
51 76 30
51 77 31
51 78 32
51 79 33
51 80 34
51 81 35
51 82 36
51 83 37
51 84 38
51 85 39
51 86 40
51 87 41
51 88 42
51 89 43
51 90 44
51 91 45
51 92 46
51 93 47
51 94 48
51 95 49
51 96 50
52 0 52
52 1 53
52 2 54
52 3 55
52 4 56
52 5 57
52 6 58
52 7 59
52 8 60
52 9 61
52 10 62
52 11 63
52 12 64
52 13 65
52 14 66
52 15 67
52 16 68
52 17 69
52 18 70
52 19 71
52 20 72
52 21 73
52 22 74
52 23 75
52 24 76
52 25 77
52 26 78
52 27 79
52 28 80
52 29 81
52 30 82
52 31 83
52 32 84
52 33 85
52 34 86
52 35 87
52 36 88
52 37 89
52 38 90
52 39 91
52 40 92
52 41 93
52 42 94
52 43 95
52 44 96
52 45 0
52 46 1
52 47 2
52 48 3
52 49 4
52 50 5
52 51 6
52 52 7
52 53 8
52 54 9
52 55 10
52 56 11
52 57 12
52 58 13
52 59 14
52 60 15
52 61 16
52 62 17
52 63 18
52 64 19
52 65 20
52 66 21
52 67 22
52 68 23
52 69 24
52 70 25
52 71 26
52 72 27
52 73 28
52 74 29
52 75 30
52 76 31
52 77 32
52 78 33
52 79 34
52 80 35
52 81 36
52 82 37
52 83 38
52 84 39
52 85 40
52 86 41
52 87 42
52 88 43
52 89 44
52 90 45
52 91 46
52 92 47
52 93 48
52 94 49
52 95 50
52 96 51
53 0 53
53 1 54
53 2 55
53 3 56
53 4 57
53 5 58
53 6 59
53 7 60
53 8 61
53 9 62
53 10 63
53 11 64
53 12 65
53 13 66
53 14 67
53 15 68
53 16 69
53 17 70
53 18 71
53 19 72
53 20 73
53 21 74
53 22 75
53 23 76
53 24 77
53 25 78
53 26 79
53 27 80
53 28 81
53 29 82
53 30 83
53 31 84
53 32 85
53 33 86
53 34 87
53 35 88
53 36 89
53 37 90
53 38 91
53 39 92
53 40 93
53 41 94
53 42 95
53 43 96
53 44 0
53 45 1
53 46 2
53 47 3
53 48 4
53 49 5
53 50 6
53 51 7
53 52 8
53 53 9
53 54 10
53 55 11
53 56 12
53 57 13
53 58 14
53 59 15
53 60 16
53 61 17
53 62 18
53 63 19
53 64 20
53 65 21
53 66 22
53 67 23
53 68 24
53 69 25
53 70 26
53 71 27
53 72 28
53 73 29
53 74 30
53 75 31
53 76 32
53 77 33
53 78 34
53 79 35
53 80 36
53 81 37
53 82 38
53 83 39
53 84 40
53 85 41
53 86 42
53 87 43
53 88 44
53 89 45
53 90 46
53 91 47
53 92 48
53 93 49
53 94 50
53 95 51
53 96 52
54 0 54
54 1 55
54 2 56
54 3 57
54 4 58
54 5 59
54 6 60
54 7 61
54 8 62
54 9 63
54 10 64
54 11 65
54 12 66
54 13 67
54 14 68
54 15 69
54 16 70
54 17 71
54 18 72
54 19 73
54 20 74
54 21 75
54 22 76
54 23 77
54 24 78
54 25 79
54 26 80
54 27 81
54 28 82
54 29 83
54 30 84
54 31 85
54 32 86
54 33 87
54 34 88
54 35 89
54 36 90
54 37 91
54 38 92
54 39 93
54 40 94
54 41 95
54 42 96
54 43 0
54 44 1
54 45 2
54 46 3
54 47 4
54 48 5
54 49 6
54 50 7
54 51 8
54 52 9
54 53 10
54 54 11
54 55 12
54 56 13
54 57 14
54 58 15
54 59 16
54 60 17
54 61 18
54 62 19
54 63 20
54 64 21
54 65 22
54 66 23
54 67 24
54 68 25
54 69 26
54 70 27
54 71 28
54 72 29
54 73 30
54 74 31
54 75 32
54 76 33
54 77 34
54 78 35
54 79 36
54 80 37
54 81 38
54 82 39
54 83 40
54 84 41
54 85 42
54 86 43
54 87 44
54 88 45
54 89 46
54 90 47
54 91 48
54 92 49
54 93 50
54 94 51
54 95 52
54 96 53
55 0 55
55 1 56
55 2 57
55 3 58
55 4 59
55 5 60
55 6 61
55 7 62
55 8 63
55 9 64
55 10 65
55 11 66
55 12 67
55 13 68
55 14 69
55 15 70
55 16 71
55 17 72
55 18 73
55 19 74
55 20 75
55 21 76
55 22 77
55 23 78
55 24 79
55 25 80
55 26 81
55 27 82
55 28 83
55 29 84
55 30 85
55 31 86
55 32 87
55 33 88
55 34 89
55 35 90
55 36 91
55 37 92
55 38 93
55 39 94
55 40 95
55 41 96
55 42 0
55 43 1
55 44 2
55 45 3
55 46 4
55 47 5
55 48 6
55 49 7
55 50 8
55 51 9
55 52 10
55 53 11
55 54 12
55 55 13
55 56 14
55 57 15
55 58 16
55 59 17
55 60 18
55 61 19
55 62 20
55 63 21
55 64 22
55 65 23
55 66 24
55 67 25
55 68 26
55 69 27
55 70 28
55 71 29
55 72 30
55 73 31
55 74 32
55 75 33
55 76 34
55 77 35
55 78 36
55 79 37
55 80 38
55 81 39
55 82 40
55 83 41
55 84 42
55 85 43
55 86 44
55 87 45
55 88 46
55 89 47
55 90 48
55 91 49
55 92 50
55 93 51
55 94 52
55 95 53
55 96 54
56 0 56
56 1 57
56 2 58
56 3 59
56 4 60
56 5 61
56 6 62
56 7 63
56 8 64
56 9 65
56 10 66
56 11 67
56 12 68
56 13 69
56 14 70
56 15 71
56 16 72
56 17 73
56 18 74
56 19 75
56 20 76
56 21 77
56 22 78
56 23 79
56 24 80
56 25 81
56 26 82
56 27 83
56 28 84
56 29 85
56 30 86
56 31 87
56 32 88
56 33 89
56 34 90
56 35 91
56 36 92
56 37 93
56 38 94
56 39 95
56 40 96
56 41 0
56 42 1
56 43 2
56 44 3
56 45 4
56 46 5
56 47 6
56 48 7
56 49 8
56 50 9
56 51 10
56 52 11
56 53 12
56 54 13
56 55 14
56 56 15
56 57 16
56 58 17
56 59 18
56 60 19
56 61 20
56 62 21
56 63 22
56 64 23
56 65 24
56 66 25
56 67 26
56 68 27
56 69 28
56 70 29
56 71 30
56 72 31
56 73 32
56 74 33
56 75 34
56 76 35
56 77 36
56 78 37
56 79 38
56 80 39
56 81 40
56 82 41
56 83 42
56 84 43
56 85 44
56 86 45
56 87 46
56 88 47
56 89 48
56 90 49
56 91 50
56 92 51
56 93 52
56 94 53
56 95 54
56 96 55
57 0 57
57 1 58
57 2 59
57 3 60
57 4 61
57 5 62
57 6 63
57 7 64
57 8 65
57 9 66
57 10 67
57 11 68
57 12 69
57 13 70
57 14 71
57 15 72
57 16 73
57 17 74
57 18 75
57 19 76
57 20 77
57 21 78
57 22 79
57 23 80
57 24 81
57 25 82
57 26 83
57 27 84
57 28 85
57 29 86
57 30 87
57 31 88
57 32 89
57 33 90
57 34 91
57 35 92
57 36 93
57 37 94
57 38 95
57 39 96
57 40 0
57 41 1
57 42 2
57 43 3
57 44 4
57 45 5
57 46 6
57 47 7
57 48 8
57 49 9
57 50 10
57 51 11
57 52 12
57 53 13
57 54 14
57 55 15
57 56 16
57 57 17
57 58 18
57 59 19
57 60 20
57 61 21
57 62 22
57 63 23
57 64 24
57 65 25
57 66 26
57 67 27
57 68 28
57 69 29
57 70 30
57 71 31
57 72 32
57 73 33
57 74 34
57 75 35
57 76 36
57 77 37
57 78 38
57 79 39
57 80 40
57 81 41
57 82 42
57 83 43
57 84 44
57 85 45
57 86 46
57 87 47
57 88 48
57 89 49
57 90 50
57 91 51
57 92 52
57 93 53
57 94 54
57 95 55
57 96 56
58 0 58
58 1 59
58 2 60
58 3 61
58 4 62
58 5 63
58 6 64
58 7 65
58 8 66
58 9 67
58 10 68
58 11 69
58 12 70
58 13 71
58 14 72
58 15 73
58 16 74
58 17 75
58 18 76
58 19 77
58 20 78
58 21 79
58 22 80
58 23 81
58 24 82
58 25 83
58 26 84
58 27 85
58 28 86
58 29 87
58 30 88
58 31 89
58 32 90
58 33 91
58 34 92
58 35 93
58 36 94
58 37 95
58 38 96
58 39 0
58 40 1
58 41 2
58 42 3
58 43 4
58 44 5
58 45 6
58 46 7
58 47 8
58 48 9
58 49 10
58 50 11
58 51 12
58 52 13
58 53 14
58 54 15
58 55 16
58 56 17
58 57 18
58 58 19
58 59 20
58 60 21
58 61 22
58 62 23
58 63 24
58 64 25
58 65 26
58 66 27
58 67 28
58 68 29
58 69 30
58 70 31
58 71 32
58 72 33
58 73 34
58 74 35
58 75 36
58 76 37
58 77 38
58 78 39
58 79 40
58 80 41
58 81 42
58 82 43
58 83 44
58 84 45
58 85 46
58 86 47
58 87 48
58 88 49
58 89 50
58 90 51
58 91 52
58 92 53
58 93 54
58 94 55
58 95 56
58 96 57
59 0 59
59 1 60
59 2 61
59 3 62
59 4 63
59 5 64
59 6 65
59 7 66
59 8 67
59 9 68
59 10 69
59 11 70
59 12 71
59 13 72
59 14 73
59 15 74
59 16 75
59 17 76
59 18 77
59 19 78
59 20 79
59 21 80
59 22 81
59 23 82
59 24 83
59 25 84
59 26 85
59 27 86
59 28 87
59 29 88
59 30 89
59 31 90
59 32 91
59 33 92
59 34 93
59 35 94
59 36 95
59 37 96
59 38 0
59 39 1
59 40 2
59 41 3
59 42 4
59 43 5
59 44 6
59 45 7
59 46 8
59 47 9
59 48 10
59 49 11
59 50 12
59 51 13
59 52 14
59 53 15
59 54 16
59 55 17
59 56 18
59 57 19
59 58 20
59 59 21
59 60 22
59 61 23
59 62 24
59 63 25
59 64 26
59 65 27
59 66 28
59 67 29
59 68 30
59 69 31
59 70 32
59 71 33
59 72 34
59 73 35
59 74 36
59 75 37
59 76 38
59 77 39
59 78 40
59 79 41
59 80 42
59 81 43
59 82 44
59 83 45
59 84 46
59 85 47
59 86 48
59 87 49
59 88 50
59 89 51
59 90 52
59 91 53
59 92 54
59 93 55
59 94 56
59 95 57
59 96 58
60 0 60
60 1 61
60 2 62
60 3 63
60 4 64
60 5 65
60 6 66
60 7 67
60 8 68
60 9 69
60 10 70
60 11 71
60 12 72
60 13 73
60 14 74
60 15 75
60 16 76
60 17 77
60 18 78
60 19 79
60 20 80
60 21 81
60 22 82
60 23 83
60 24 84
60 25 85
60 26 86
60 27 87
60 28 88
60 29 89
60 30 90
60 31 91
60 32 92
60 33 93
60 34 94
60 35 95
60 36 96
60 37 0
60 38 1
60 39 2
60 40 3
60 41 4
60 42 5
60 43 6
60 44 7
60 45 8
60 46 9
60 47 10
60 48 11
60 49 12
60 50 13
60 51 14
60 52 15
60 53 16
60 54 17
60 55 18
60 56 19
60 57 20
60 58 21
60 59 22
60 60 23
60 61 24
60 62 25
60 63 26
60 64 27
60 65 28
60 66 29
60 67 30
60 68 31
60 69 32
60 70 33
60 71 34
60 72 35
60 73 36
60 74 37
60 75 38
60 76 39
60 77 40
60 78 41
60 79 42
60 80 43
60 81 44
60 82 45
60 83 46
60 84 47
60 85 48
60 86 49
60 87 50
60 88 51
60 89 52
60 90 53
60 91 54
60 92 55
60 93 56
60 94 57
60 95 58
60 96 59
61 0 61
61 1 62
61 2 63
61 3 64
61 4 65
61 5 66
61 6 67
61 7 68
61 8 69
61 9 70
61 10 71
61 11 72
61 12 73
61 13 74
61 14 75
61 15 76
61 16 77
61 17 78
61 18 79
61 19 80
61 20 81
61 21 82
61 22 83
61 23 84
61 24 85
61 25 86
61 26 87
61 27 88
61 28 89
61 29 90
61 30 91
61 31 92
61 32 93
61 33 94
61 34 95
61 35 96
61 36 0
61 37 1
61 38 2
61 39 3
61 40 4
61 41 5
61 42 6
61 43 7
61 44 8
61 45 9
61 46 10
61 47 11
61 48 12
61 49 13
61 50 14
61 51 15
61 52 16
61 53 17
61 54 18
61 55 19
61 56 20
61 57 21
61 58 22
61 59 23
61 60 24
61 61 25
61 62 26
61 63 27
61 64 28
61 65 29
61 66 30
61 67 31
61 68 32
61 69 33
61 70 34
61 71 35
61 72 36
61 73 37
61 74 38
61 75 39
61 76 40
61 77 41
61 78 42
61 79 43
61 80 44
61 81 45
61 82 46
61 83 47
61 84 48
61 85 49
61 86 50
61 87 51
61 88 52
61 89 53
61 90 54
61 91 55
61 92 56
61 93 57
61 94 58
61 95 59
61 96 60
62 0 62
62 1 63
62 2 64
62 3 65
62 4 66
62 5 67
62 6 68
62 7 69
62 8 70
62 9 71
62 10 72
62 11 73
62 12 74
62 13 75
62 14 76
62 15 77
62 16 78
62 17 79
62 18 80
62 19 81
62 20 82
62 21 83
62 22 84
62 23 85
62 24 86
62 25 87
62 26 88
62 27 89
62 28 90
62 29 91
62 30 92
62 31 93
62 32 94
62 33 95
62 34 96
62 35 0
62 36 1
62 37 2
62 38 3
62 39 4
62 40 5
62 41 6
62 42 7
62 43 8
62 44 9
62 45 10
62 46 11
62 47 12
62 48 13
62 49 14
62 50 15
62 51 16
62 52 17
62 53 18
62 54 19
62 55 20
62 56 21
62 57 22
62 58 23
62 59 24
62 60 25
62 61 26
62 62 27
62 63 28
62 64 29
62 65 30
62 66 31
62 67 32
62 68 33
62 69 34
62 70 35
62 71 36
62 72 37
62 73 38
62 74 39
62 75 40
62 76 41
62 77 42
62 78 43
62 79 44
62 80 45
62 81 46
62 82 47
62 83 48
62 84 49
62 85 50
62 86 51
62 87 52
62 88 53
62 89 54
62 90 55
62 91 56
62 92 57
62 93 58
62 94 59
62 95 60
62 96 61
63 0 63
63 1 64
63 2 65
63 3 66
63 4 67
63 5 68
63 6 69
63 7 70
63 8 71
63 9 72
63 10 73
63 11 74
63 12 75
63 13 76
63 14 77
63 15 78
63 16 79
63 17 80
63 18 81
63 19 82
63 20 83
63 21 84
63 22 85
63 23 86
63 24 87
63 25 88
63 26 89
63 27 90
63 28 91
63 29 92
63 30 93
63 31 94
63 32 95
63 33 96
63 34 0
63 35 1
63 36 2
63 37 3
63 38 4
63 39 5
63 40 6
63 41 7
63 42 8
63 43 9
63 44 10
63 45 11
63 46 12
63 47 13
63 48 14
63 49 15
63 50 16
63 51 17
63 52 18
63 53 19
63 54 20
63 55 21
63 56 22
63 57 23
63 58 24
63 59 25
63 60 26
63 61 27
63 62 28
63 63 29
63 64 30
63 65 31
63 66 32
63 67 33
63 68 34
63 69 35
63 70 36
63 71 37
63 72 38
63 73 39
63 74 40
63 75 41
63 76 42
63 77 43
63 78 44
63 79 45
63 80 46
63 81 47
63 82 48
63 83 49
63 84 50
63 85 51
63 86 52
63 87 53
63 88 54
63 89 55
63 90 56
63 91 57
63 92 58
63 93 59
63 94 60
63 95 61
63 96 62
64 0 64
64 1 65
64 2 66
64 3 67
64 4 68
64 5 69
64 6 70
64 7 71
64 8 72
64 9 73
64 10 74
64 11 75
64 12 76
64 13 77
64 14 78
64 15 79
64 16 80
64 17 81
64 18 82
64 19 83
64 20 84
64 21 85
64 22 86
64 23 87
64 24 88
64 25 89
64 26 90
64 27 91
64 28 92
64 29 93
64 30 94
64 31 95
64 32 96
64 33 0
64 34 1
64 35 2
64 36 3
64 37 4
64 38 5
64 39 6
64 40 7
64 41 8
64 42 9
64 43 10
64 44 11
64 45 12
64 46 13
64 47 14
64 48 15
64 49 16
64 50 17
64 51 18
64 52 19
64 53 20
64 54 21
64 55 22
64 56 23
64 57 24
64 58 25
64 59 26
64 60 27
64 61 28
64 62 29
64 63 30
64 64 31
64 65 32
64 66 33
64 67 34
64 68 35
64 69 36
64 70 37
64 71 38
64 72 39
64 73 40
64 74 41
64 75 42
64 76 43
64 77 44
64 78 45
64 79 46
64 80 47
64 81 48
64 82 49
64 83 50
64 84 51
64 85 52
64 86 53
64 87 54
64 88 55
64 89 56
64 90 57
64 91 58
64 92 59
64 93 60
64 94 61
64 95 62
64 96 63
65 0 65
65 1 66
65 2 67
65 3 68
65 4 69
65 5 70
65 6 71
65 7 72
65 8 73
65 9 74
65 10 75
65 11 76
65 12 77
65 13 78
65 14 79
65 15 80
65 16 81
65 17 82
65 18 83
65 19 84
65 20 85
65 21 86
65 22 87
65 23 88
65 24 89
65 25 90
65 26 91
65 27 92
65 28 93
65 29 94
65 30 95
65 31 96
65 32 0
65 33 1
65 34 2
65 35 3
65 36 4
65 37 5
65 38 6
65 39 7
65 40 8
65 41 9
65 42 10
65 43 11
65 44 12
65 45 13
65 46 14
65 47 15
65 48 16
65 49 17
65 50 18
65 51 19
65 52 20
65 53 21
65 54 22
65 55 23
65 56 24
65 57 25
65 58 26
65 59 27
65 60 28
65 61 29
65 62 30
65 63 31
65 64 32
65 65 33
65 66 34
65 67 35
65 68 36
65 69 37
65 70 38
65 71 39
65 72 40
65 73 41
65 74 42
65 75 43
65 76 44
65 77 45
65 78 46
65 79 47
65 80 48
65 81 49
65 82 50
65 83 51
65 84 52
65 85 53
65 86 54
65 87 55
65 88 56
65 89 57
65 90 58
65 91 59
65 92 60
65 93 61
65 94 62
65 95 63
65 96 64
66 0 66
66 1 67
66 2 68
66 3 69
66 4 70
66 5 71
66 6 72
66 7 73
66 8 74
66 9 75
66 10 76
66 11 77
66 12 78
66 13 79
66 14 80
66 15 81
66 16 82
66 17 83
66 18 84
66 19 85
66 20 86
66 21 87
66 22 88
66 23 89
66 24 90
66 25 91
66 26 92
66 27 93
66 28 94
66 29 95
66 30 96
66 31 0
66 32 1
66 33 2
66 34 3
66 35 4
66 36 5
66 37 6
66 38 7
66 39 8
66 40 9
66 41 10
66 42 11
66 43 12
66 44 13
66 45 14
66 46 15
66 47 16
66 48 17
66 49 18
66 50 19
66 51 20
66 52 21
66 53 22
66 54 23
66 55 24
66 56 25
66 57 26
66 58 27
66 59 28
66 60 29
66 61 30
66 62 31
66 63 32
66 64 33
66 65 34
66 66 35
66 67 36
66 68 37
66 69 38
66 70 39
66 71 40
66 72 41
66 73 42
66 74 43
66 75 44
66 76 45
66 77 46
66 78 47
66 79 48
66 80 49
66 81 50
66 82 51
66 83 52
66 84 53
66 85 54
66 86 55
66 87 56
66 88 57
66 89 58
66 90 59
66 91 60
66 92 61
66 93 62
66 94 63
66 95 64
66 96 65
67 0 67
67 1 68
67 2 69
67 3 70
67 4 71
67 5 72
67 6 73
67 7 74
67 8 75
67 9 76
67 10 77
67 11 78
67 12 79
67 13 80
67 14 81
67 15 82
67 16 83
67 17 84
67 18 85
67 19 86
67 20 87
67 21 88
67 22 89
67 23 90
67 24 91
67 25 92
67 26 93
67 27 94
67 28 95
67 29 96
67 30 0
67 31 1
67 32 2
67 33 3
67 34 4
67 35 5
67 36 6
67 37 7
67 38 8
67 39 9
67 40 10
67 41 11
67 42 12
67 43 13
67 44 14
67 45 15
67 46 16
67 47 17
67 48 18
67 49 19
67 50 20
67 51 21
67 52 22
67 53 23
67 54 24
67 55 25
67 56 26
67 57 27
67 58 28
67 59 29
67 60 30
67 61 31
67 62 32
67 63 33
67 64 34
67 65 35
67 66 36
67 67 37
67 68 38
67 69 39
67 70 40
67 71 41
67 72 42
67 73 43
67 74 44
67 75 45
67 76 46
67 77 47
67 78 48
67 79 49
67 80 50
67 81 51
67 82 52
67 83 53
67 84 54
67 85 55
67 86 56
67 87 57
67 88 58
67 89 59
67 90 60
67 91 61
67 92 62
67 93 63
67 94 64
67 95 65
67 96 66
68 0 68
68 1 69
68 2 70
68 3 71
68 4 72
68 5 73
68 6 74
68 7 75
68 8 76
68 9 77
68 10 78
68 11 79
68 12 80
68 13 81
68 14 82
68 15 83
68 16 84
68 17 85
68 18 86
68 19 87
68 20 88
68 21 89
68 22 90
68 23 91
68 24 92
68 25 93
68 26 94
68 27 95
68 28 96
68 29 0
68 30 1
68 31 2
68 32 3
68 33 4
68 34 5
68 35 6
68 36 7
68 37 8
68 38 9
68 39 10
68 40 11
68 41 12
68 42 13
68 43 14
68 44 15
68 45 16
68 46 17
68 47 18
68 48 19
68 49 20
68 50 21
68 51 22
68 52 23
68 53 24
68 54 25
68 55 26
68 56 27
68 57 28
68 58 29
68 59 30
68 60 31
68 61 32
68 62 33
68 63 34
68 64 35
68 65 36
68 66 37
68 67 38
68 68 39
68 69 40
68 70 41
68 71 42
68 72 43
68 73 44
68 74 45
68 75 46
68 76 47
68 77 48
68 78 49
68 79 50
68 80 51
68 81 52
68 82 53
68 83 54
68 84 55
68 85 56
68 86 57
68 87 58
68 88 59
68 89 60
68 90 61
68 91 62
68 92 63
68 93 64
68 94 65
68 95 66
68 96 67
69 0 69
69 1 70
69 2 71
69 3 72
69 4 73
69 5 74
69 6 75
69 7 76
69 8 77
69 9 78
69 10 79
69 11 80
69 12 81
69 13 82
69 14 83
69 15 84
69 16 85
69 17 86
69 18 87
69 19 88
69 20 89
69 21 90
69 22 91
69 23 92
69 24 93
69 25 94
69 26 95
69 27 96
69 28 0
69 29 1
69 30 2
69 31 3
69 32 4
69 33 5
69 34 6
69 35 7
69 36 8
69 37 9
69 38 10
69 39 11
69 40 12
69 41 13
69 42 14
69 43 15
69 44 16
69 45 17
69 46 18
69 47 19
69 48 20
69 49 21
69 50 22
69 51 23
69 52 24
69 53 25
69 54 26
69 55 27
69 56 28
69 57 29
69 58 30
69 59 31
69 60 32
69 61 33
69 62 34
69 63 35
69 64 36
69 65 37
69 66 38
69 67 39
69 68 40
69 69 41
69 70 42
69 71 43
69 72 44
69 73 45
69 74 46
69 75 47
69 76 48
69 77 49
69 78 50
69 79 51
69 80 52
69 81 53
69 82 54
69 83 55
69 84 56
69 85 57
69 86 58
69 87 59
69 88 60
69 89 61
69 90 62
69 91 63
69 92 64
69 93 65
69 94 66
69 95 67
69 96 68
70 0 70
70 1 71
70 2 72
70 3 73
70 4 74
70 5 75
70 6 76
70 7 77
70 8 78
70 9 79
70 10 80
70 11 81
70 12 82
70 13 83
70 14 84
70 15 85
70 16 86
70 17 87
70 18 88
70 19 89
70 20 90
70 21 91
70 22 92
70 23 93
70 24 94
70 25 95
70 26 96
70 27 0
70 28 1
70 29 2
70 30 3
70 31 4
70 32 5
70 33 6
70 34 7
70 35 8
70 36 9
70 37 10
70 38 11
70 39 12
70 40 13
70 41 14
70 42 15
70 43 16
70 44 17
70 45 18
70 46 19
70 47 20
70 48 21
70 49 22
70 50 23
70 51 24
70 52 25
70 53 26
70 54 27
70 55 28
70 56 29
70 57 30
70 58 31
70 59 32
70 60 33
70 61 34
70 62 35
70 63 36
70 64 37
70 65 38
70 66 39
70 67 40
70 68 41
70 69 42
70 70 43
70 71 44
70 72 45
70 73 46
70 74 47
70 75 48
70 76 49
70 77 50
70 78 51
70 79 52
70 80 53
70 81 54
70 82 55
70 83 56
70 84 57
70 85 58
70 86 59
70 87 60
70 88 61
70 89 62
70 90 63
70 91 64
70 92 65
70 93 66
70 94 67
70 95 68
70 96 69
71 0 71
71 1 72
71 2 73
71 3 74
71 4 75
71 5 76
71 6 77
71 7 78
71 8 79
71 9 80
71 10 81
71 11 82
71 12 83
71 13 84
71 14 85
71 15 86
71 16 87
71 17 88
71 18 89
71 19 90
71 20 91
71 21 92
71 22 93
71 23 94
71 24 95
71 25 96
71 26 0
71 27 1
71 28 2
71 29 3
71 30 4
71 31 5
71 32 6
71 33 7
71 34 8
71 35 9
71 36 10
71 37 11
71 38 12
71 39 13
71 40 14
71 41 15
71 42 16
71 43 17
71 44 18
71 45 19
71 46 20
71 47 21
71 48 22
71 49 23
71 50 24
71 51 25
71 52 26
71 53 27
71 54 28
71 55 29
71 56 30
71 57 31
71 58 32
71 59 33
71 60 34
71 61 35
71 62 36
71 63 37
71 64 38
71 65 39
71 66 40
71 67 41
71 68 42
71 69 43
71 70 44
71 71 45
71 72 46
71 73 47
71 74 48
71 75 49
71 76 50
71 77 51
71 78 52
71 79 53
71 80 54
71 81 55
71 82 56
71 83 57
71 84 58
71 85 59
71 86 60
71 87 61
71 88 62
71 89 63
71 90 64
71 91 65
71 92 66
71 93 67
71 94 68
71 95 69
71 96 70
72 0 72
72 1 73
72 2 74
72 3 75
72 4 76
72 5 77
72 6 78
72 7 79
72 8 80
72 9 81
72 10 82
72 11 83
72 12 84
72 13 85
72 14 86
72 15 87
72 16 88
72 17 89
72 18 90
72 19 91
72 20 92
72 21 93
72 22 94
72 23 95
72 24 96
72 25 0
72 26 1
72 27 2
72 28 3
72 29 4
72 30 5
72 31 6
72 32 7
72 33 8
72 34 9
72 35 10
72 36 11
72 37 12
72 38 13
72 39 14
72 40 15
72 41 16
72 42 17
72 43 18
72 44 19
72 45 20
72 46 21
72 47 22
72 48 23
72 49 24
72 50 25
72 51 26
72 52 27
72 53 28
72 54 29
72 55 30
72 56 31
72 57 32
72 58 33
72 59 34
72 60 35
72 61 36
72 62 37
72 63 38
72 64 39
72 65 40
72 66 41
72 67 42
72 68 43
72 69 44
72 70 45
72 71 46
72 72 47
72 73 48
72 74 49
72 75 50
72 76 51
72 77 52
72 78 53
72 79 54
72 80 55
72 81 56
72 82 57
72 83 58
72 84 59
72 85 60
72 86 61
72 87 62
72 88 63
72 89 64
72 90 65
72 91 66
72 92 67
72 93 68
72 94 69
72 95 70
72 96 71
73 0 73
73 1 74
73 2 75
73 3 76
73 4 77
73 5 78
73 6 79
73 7 80
73 8 81
73 9 82
73 10 83
73 11 84
73 12 85
73 13 86
73 14 87
73 15 88
73 16 89
73 17 90
73 18 91
73 19 92
73 20 93
73 21 94
73 22 95
73 23 96
73 24 0
73 25 1
73 26 2
73 27 3
73 28 4
73 29 5
73 30 6
73 31 7
73 32 8
73 33 9
73 34 10
73 35 11
73 36 12
73 37 13
73 38 14
73 39 15
73 40 16
73 41 17
73 42 18
73 43 19
73 44 20
73 45 21
73 46 22
73 47 23
73 48 24
73 49 25
73 50 26
73 51 27
73 52 28
73 53 29
73 54 30
73 55 31
73 56 32
73 57 33
73 58 34
73 59 35
73 60 36
73 61 37
73 62 38
73 63 39
73 64 40
73 65 41
73 66 42
73 67 43
73 68 44
73 69 45
73 70 46
73 71 47
73 72 48
73 73 49
73 74 50
73 75 51
73 76 52
73 77 53
73 78 54
73 79 55
73 80 56
73 81 57
73 82 58
73 83 59
73 84 60
73 85 61
73 86 62
73 87 63
73 88 64
73 89 65
73 90 66
73 91 67
73 92 68
73 93 69
73 94 70
73 95 71
73 96 72
74 0 74
74 1 75
74 2 76
74 3 77
74 4 78
74 5 79
74 6 80
74 7 81
74 8 82
74 9 83
74 10 84
74 11 85
74 12 86
74 13 87
74 14 88
74 15 89
74 16 90
74 17 91
74 18 92
74 19 93
74 20 94
74 21 95
74 22 96
74 23 0
74 24 1
74 25 2
74 26 3
74 27 4
74 28 5
74 29 6
74 30 7
74 31 8
74 32 9
74 33 10
74 34 11
74 35 12
74 36 13
74 37 14
74 38 15
74 39 16
74 40 17
74 41 18
74 42 19
74 43 20
74 44 21
74 45 22
74 46 23
74 47 24
74 48 25
74 49 26
74 50 27
74 51 28
74 52 29
74 53 30
74 54 31
74 55 32
74 56 33
74 57 34
74 58 35
74 59 36
74 60 37
74 61 38
74 62 39
74 63 40
74 64 41
74 65 42
74 66 43
74 67 44
74 68 45
74 69 46
74 70 47
74 71 48
74 72 49
74 73 50
74 74 51
74 75 52
74 76 53
74 77 54
74 78 55
74 79 56
74 80 57
74 81 58
74 82 59
74 83 60
74 84 61
74 85 62
74 86 63
74 87 64
74 88 65
74 89 66
74 90 67
74 91 68
74 92 69
74 93 70
74 94 71
74 95 72
74 96 73
75 0 75
75 1 76
75 2 77
75 3 78
75 4 79
75 5 80
75 6 81
75 7 82
75 8 83
75 9 84
75 10 85
75 11 86
75 12 87
75 13 88
75 14 89
75 15 90
75 16 91
75 17 92
75 18 93
75 19 94
75 20 95
75 21 96
75 22 0
75 23 1
75 24 2
75 25 3
75 26 4
75 27 5
75 28 6
75 29 7
75 30 8
75 31 9
75 32 10
75 33 11
75 34 12
75 35 13
75 36 14
75 37 15
75 38 16
75 39 17
75 40 18
75 41 19
75 42 20
75 43 21
75 44 22
75 45 23
75 46 24
75 47 25
75 48 26
75 49 27
75 50 28
75 51 29
75 52 30
75 53 31
75 54 32
75 55 33
75 56 34
75 57 35
75 58 36
75 59 37
75 60 38
75 61 39
75 62 40
75 63 41
75 64 42
75 65 43
75 66 44
75 67 45
75 68 46
75 69 47
75 70 48
75 71 49
75 72 50
75 73 51
75 74 52
75 75 53
75 76 54
75 77 55
75 78 56
75 79 57
75 80 58
75 81 59
75 82 60
75 83 61
75 84 62
75 85 63
75 86 64
75 87 65
75 88 66
75 89 67
75 90 68
75 91 69
75 92 70
75 93 71
75 94 72
75 95 73
75 96 74
76 0 76
76 1 77
76 2 78
76 3 79
76 4 80
76 5 81
76 6 82
76 7 83
76 8 84
76 9 85
76 10 86
76 11 87
76 12 88
76 13 89
76 14 90
76 15 91
76 16 92
76 17 93
76 18 94
76 19 95
76 20 96
76 21 0
76 22 1
76 23 2
76 24 3
76 25 4
76 26 5
76 27 6
76 28 7
76 29 8
76 30 9
76 31 10
76 32 11
76 33 12
76 34 13
76 35 14
76 36 15
76 37 16
76 38 17
76 39 18
76 40 19
76 41 20
76 42 21
76 43 22
76 44 23
76 45 24
76 46 25
76 47 26
76 48 27
76 49 28
76 50 29
76 51 30
76 52 31
76 53 32
76 54 33
76 55 34
76 56 35
76 57 36
76 58 37
76 59 38
76 60 39
76 61 40
76 62 41
76 63 42
76 64 43
76 65 44
76 66 45
76 67 46
76 68 47
76 69 48
76 70 49
76 71 50
76 72 51
76 73 52
76 74 53
76 75 54
76 76 55
76 77 56
76 78 57
76 79 58
76 80 59
76 81 60
76 82 61
76 83 62
76 84 63
76 85 64
76 86 65
76 87 66
76 88 67
76 89 68
76 90 69
76 91 70
76 92 71
76 93 72
76 94 73
76 95 74
76 96 75
77 0 77
77 1 78
77 2 79
77 3 80
77 4 81
77 5 82
77 6 83
77 7 84
77 8 85
77 9 86
77 10 87
77 11 88
77 12 89
77 13 90
77 14 91
77 15 92
77 16 93
77 17 94
77 18 95
77 19 96
77 20 0
77 21 1
77 22 2
77 23 3
77 24 4
77 25 5
77 26 6
77 27 7
77 28 8
77 29 9
77 30 10
77 31 11
77 32 12
77 33 13
77 34 14
77 35 15
77 36 16
77 37 17
77 38 18
77 39 19
77 40 20
77 41 21
77 42 22
77 43 23
77 44 24
77 45 25
77 46 26
77 47 27
77 48 28
77 49 29
77 50 30
77 51 31
77 52 32
77 53 33
77 54 34
77 55 35
77 56 36
77 57 37
77 58 38
77 59 39
77 60 40
77 61 41
77 62 42
77 63 43
77 64 44
77 65 45
77 66 46
77 67 47
77 68 48
77 69 49
77 70 50
77 71 51
77 72 52
77 73 53
77 74 54
77 75 55
77 76 56
77 77 57
77 78 58
77 79 59
77 80 60
77 81 61
77 82 62
77 83 63
77 84 64
77 85 65
77 86 66
77 87 67
77 88 68
77 89 69
77 90 70
77 91 71
77 92 72
77 93 73
77 94 74
77 95 75
77 96 76
78 0 78
78 1 79
78 2 80
78 3 81
78 4 82
78 5 83
78 6 84
78 7 85
78 8 86
78 9 87
78 10 88
78 11 89
78 12 90
78 13 91
78 14 92
78 15 93
78 16 94
78 17 95
78 18 96
78 19 0
78 20 1
78 21 2
78 22 3
78 23 4
78 24 5
78 25 6
78 26 7
78 27 8
78 28 9
78 29 10
78 30 11
78 31 12
78 32 13
78 33 14
78 34 15
78 35 16
78 36 17
78 37 18
78 38 19
78 39 20
78 40 21
78 41 22
78 42 23
78 43 24
78 44 25
78 45 26
78 46 27
78 47 28
78 48 29
78 49 30
78 50 31
78 51 32
78 52 33
78 53 34
78 54 35
78 55 36
78 56 37
78 57 38
78 58 39
78 59 40
78 60 41
78 61 42
78 62 43
78 63 44
78 64 45
78 65 46
78 66 47
78 67 48
78 68 49
78 69 50
78 70 51
78 71 52
78 72 53
78 73 54
78 74 55
78 75 56
78 76 57
78 77 58
78 78 59
78 79 60
78 80 61
78 81 62
78 82 63
78 83 64
78 84 65
78 85 66
78 86 67
78 87 68
78 88 69
78 89 70
78 90 71
78 91 72
78 92 73
78 93 74
78 94 75
78 95 76
78 96 77
79 0 79
79 1 80
79 2 81
79 3 82
79 4 83
79 5 84
79 6 85
79 7 86
79 8 87
79 9 88
79 10 89
79 11 90
79 12 91
79 13 92
79 14 93
79 15 94
79 16 95
79 17 96
79 18 0
79 19 1
79 20 2
79 21 3
79 22 4
79 23 5
79 24 6
79 25 7
79 26 8
79 27 9
79 28 10
79 29 11
79 30 12
79 31 13
79 32 14
79 33 15
79 34 16
79 35 17
79 36 18
79 37 19
79 38 20
79 39 21
79 40 22
79 41 23
79 42 24
79 43 25
79 44 26
79 45 27
79 46 28
79 47 29
79 48 30
79 49 31
79 50 32
79 51 33
79 52 34
79 53 35
79 54 36
79 55 37
79 56 38
79 57 39
79 58 40
79 59 41
79 60 42
79 61 43
79 62 44
79 63 45
79 64 46
79 65 47
79 66 48
79 67 49
79 68 50
79 69 51
79 70 52
79 71 53
79 72 54
79 73 55
79 74 56
79 75 57
79 76 58
79 77 59
79 78 60
79 79 61
79 80 62
79 81 63
79 82 64
79 83 65
79 84 66
79 85 67
79 86 68
79 87 69
79 88 70
79 89 71
79 90 72
79 91 73
79 92 74
79 93 75
79 94 76
79 95 77
79 96 78
80 0 80
80 1 81
80 2 82
80 3 83
80 4 84
80 5 85
80 6 86
80 7 87
80 8 88
80 9 89
80 10 90
80 11 91
80 12 92
80 13 93
80 14 94
80 15 95
80 16 96
80 17 0
80 18 1
80 19 2
80 20 3
80 21 4
80 22 5
80 23 6
80 24 7
80 25 8
80 26 9
80 27 10
80 28 11
80 29 12
80 30 13
80 31 14
80 32 15
80 33 16
80 34 17
80 35 18
80 36 19
80 37 20
80 38 21
80 39 22
80 40 23
80 41 24
80 42 25
80 43 26
80 44 27
80 45 28
80 46 29
80 47 30
80 48 31
80 49 32
80 50 33
80 51 34
80 52 35
80 53 36
80 54 37
80 55 38
80 56 39
80 57 40
80 58 41
80 59 42
80 60 43
80 61 44
80 62 45
80 63 46
80 64 47
80 65 48
80 66 49
80 67 50
80 68 51
80 69 52
80 70 53
80 71 54
80 72 55
80 73 56
80 74 57
80 75 58
80 76 59
80 77 60
80 78 61
80 79 62
80 80 63
80 81 64
80 82 65
80 83 66
80 84 67
80 85 68
80 86 69
80 87 70
80 88 71
80 89 72
80 90 73
80 91 74
80 92 75
80 93 76
80 94 77
80 95 78
80 96 79
81 0 81
81 1 82
81 2 83
81 3 84
81 4 85
81 5 86
81 6 87
81 7 88
81 8 89
81 9 90
81 10 91
81 11 92
81 12 93
81 13 94
81 14 95
81 15 96
81 16 0
81 17 1
81 18 2
81 19 3
81 20 4
81 21 5
81 22 6
81 23 7
81 24 8
81 25 9
81 26 10
81 27 11
81 28 12
81 29 13
81 30 14
81 31 15
81 32 16
81 33 17
81 34 18
81 35 19
81 36 20
81 37 21
81 38 22
81 39 23
81 40 24
81 41 25
81 42 26
81 43 27
81 44 28
81 45 29
81 46 30
81 47 31
81 48 32
81 49 33
81 50 34
81 51 35
81 52 36
81 53 37
81 54 38
81 55 39
81 56 40
81 57 41
81 58 42
81 59 43
81 60 44
81 61 45
81 62 46
81 63 47
81 64 48
81 65 49
81 66 50
81 67 51
81 68 52
81 69 53
81 70 54
81 71 55
81 72 56
81 73 57
81 74 58
81 75 59
81 76 60
81 77 61
81 78 62
81 79 63
81 80 64
81 81 65
81 82 66
81 83 67
81 84 68
81 85 69
81 86 70
81 87 71
81 88 72
81 89 73
81 90 74
81 91 75
81 92 76
81 93 77
81 94 78
81 95 79
81 96 80
82 0 82
82 1 83
82 2 84
82 3 85
82 4 86
82 5 87
82 6 88
82 7 89
82 8 90
82 9 91
82 10 92
82 11 93
82 12 94
82 13 95
82 14 96
82 15 0
82 16 1
82 17 2
82 18 3
82 19 4
82 20 5
82 21 6
82 22 7
82 23 8
82 24 9
82 25 10
82 26 11
82 27 12
82 28 13
82 29 14
82 30 15
82 31 16
82 32 17
82 33 18
82 34 19
82 35 20
82 36 21
82 37 22
82 38 23
82 39 24
82 40 25
82 41 26
82 42 27
82 43 28
82 44 29
82 45 30
82 46 31
82 47 32
82 48 33
82 49 34
82 50 35
82 51 36
82 52 37
82 53 38
82 54 39
82 55 40
82 56 41
82 57 42
82 58 43
82 59 44
82 60 45
82 61 46
82 62 47
82 63 48
82 64 49
82 65 50
82 66 51
82 67 52
82 68 53
82 69 54
82 70 55
82 71 56
82 72 57
82 73 58
82 74 59
82 75 60
82 76 61
82 77 62
82 78 63
82 79 64
82 80 65
82 81 66
82 82 67
82 83 68
82 84 69
82 85 70
82 86 71
82 87 72
82 88 73
82 89 74
82 90 75
82 91 76
82 92 77
82 93 78
82 94 79
82 95 80
82 96 81
83 0 83
83 1 84
83 2 85
83 3 86
83 4 87
83 5 88
83 6 89
83 7 90
83 8 91
83 9 92
83 10 93
83 11 94
83 12 95
83 13 96
83 14 0
83 15 1
83 16 2
83 17 3
83 18 4
83 19 5
83 20 6
83 21 7
83 22 8
83 23 9
83 24 10
83 25 11
83 26 12
83 27 13
83 28 14
83 29 15
83 30 16
83 31 17
83 32 18
83 33 19
83 34 20
83 35 21
83 36 22
83 37 23
83 38 24
83 39 25
83 40 26
83 41 27
83 42 28
83 43 29
83 44 30
83 45 31
83 46 32
83 47 33
83 48 34
83 49 35
83 50 36
83 51 37
83 52 38
83 53 39
83 54 40
83 55 41
83 56 42
83 57 43
83 58 44
83 59 45
83 60 46
83 61 47
83 62 48
83 63 49
83 64 50
83 65 51
83 66 52
83 67 53
83 68 54
83 69 55
83 70 56
83 71 57
83 72 58
83 73 59
83 74 60
83 75 61
83 76 62
83 77 63
83 78 64
83 79 65
83 80 66
83 81 67
83 82 68
83 83 69
83 84 70
83 85 71
83 86 72
83 87 73
83 88 74
83 89 75
83 90 76
83 91 77
83 92 78
83 93 79
83 94 80
83 95 81
83 96 82
84 0 84
84 1 85
84 2 86
84 3 87
84 4 88
84 5 89
84 6 90
84 7 91
84 8 92
84 9 93
84 10 94
84 11 95
84 12 96
84 13 0
84 14 1
84 15 2
84 16 3
84 17 4
84 18 5
84 19 6
84 20 7
84 21 8
84 22 9
84 23 10
84 24 11
84 25 12
84 26 13
84 27 14
84 28 15
84 29 16
84 30 17
84 31 18
84 32 19
84 33 20
84 34 21
84 35 22
84 36 23
84 37 24
84 38 25
84 39 26
84 40 27
84 41 28
84 42 29
84 43 30
84 44 31
84 45 32
84 46 33
84 47 34
84 48 35
84 49 36
84 50 37
84 51 38
84 52 39
84 53 40
84 54 41
84 55 42
84 56 43
84 57 44
84 58 45
84 59 46
84 60 47
84 61 48
84 62 49
84 63 50
84 64 51
84 65 52
84 66 53
84 67 54
84 68 55
84 69 56
84 70 57
84 71 58
84 72 59
84 73 60
84 74 61
84 75 62
84 76 63
84 77 64
84 78 65
84 79 66
84 80 67
84 81 68
84 82 69
84 83 70
84 84 71
84 85 72
84 86 73
84 87 74
84 88 75
84 89 76
84 90 77
84 91 78
84 92 79
84 93 80
84 94 81
84 95 82
84 96 83
85 0 85
85 1 86
85 2 87
85 3 88
85 4 89
85 5 90
85 6 91
85 7 92
85 8 93
85 9 94
85 10 95
85 11 96
85 12 0
85 13 1
85 14 2
85 15 3
85 16 4
85 17 5
85 18 6
85 19 7
85 20 8
85 21 9
85 22 10
85 23 11
85 24 12
85 25 13
85 26 14
85 27 15
85 28 16
85 29 17
85 30 18
85 31 19
85 32 20
85 33 21
85 34 22
85 35 23
85 36 24
85 37 25
85 38 26
85 39 27
85 40 28
85 41 29
85 42 30
85 43 31
85 44 32
85 45 33
85 46 34
85 47 35
85 48 36
85 49 37
85 50 38
85 51 39
85 52 40
85 53 41
85 54 42
85 55 43
85 56 44
85 57 45
85 58 46
85 59 47
85 60 48
85 61 49
85 62 50
85 63 51
85 64 52
85 65 53
85 66 54
85 67 55
85 68 56
85 69 57
85 70 58
85 71 59
85 72 60
85 73 61
85 74 62
85 75 63
85 76 64
85 77 65
85 78 66
85 79 67
85 80 68
85 81 69
85 82 70
85 83 71
85 84 72
85 85 73
85 86 74
85 87 75
85 88 76
85 89 77
85 90 78
85 91 79
85 92 80
85 93 81
85 94 82
85 95 83
85 96 84
86 0 86
86 1 87
86 2 88
86 3 89
86 4 90
86 5 91
86 6 92
86 7 93
86 8 94
86 9 95
86 10 96
86 11 0
86 12 1
86 13 2
86 14 3
86 15 4
86 16 5
86 17 6
86 18 7
86 19 8
86 20 9
86 21 10
86 22 11
86 23 12
86 24 13
86 25 14
86 26 15
86 27 16
86 28 17
86 29 18
86 30 19
86 31 20
86 32 21
86 33 22
86 34 23
86 35 24
86 36 25
86 37 26
86 38 27
86 39 28
86 40 29
86 41 30
86 42 31
86 43 32
86 44 33
86 45 34
86 46 35
86 47 36
86 48 37
86 49 38
86 50 39
86 51 40
86 52 41
86 53 42
86 54 43
86 55 44
86 56 45
86 57 46
86 58 47
86 59 48
86 60 49
86 61 50
86 62 51
86 63 52
86 64 53
86 65 54
86 66 55
86 67 56
86 68 57
86 69 58
86 70 59
86 71 60
86 72 61
86 73 62
86 74 63
86 75 64
86 76 65
86 77 66
86 78 67
86 79 68
86 80 69
86 81 70
86 82 71
86 83 72
86 84 73
86 85 74
86 86 75
86 87 76
86 88 77
86 89 78
86 90 79
86 91 80
86 92 81
86 93 82
86 94 83
86 95 84
86 96 85
87 0 87
87 1 88
87 2 89
87 3 90
87 4 91
87 5 92
87 6 93
87 7 94
87 8 95
87 9 96
87 10 0
87 11 1
87 12 2
87 13 3
87 14 4
87 15 5
87 16 6
87 17 7
87 18 8
87 19 9
87 20 10
87 21 11
87 22 12
87 23 13
87 24 14
87 25 15
87 26 16
87 27 17
87 28 18
87 29 19
87 30 20
87 31 21
87 32 22
87 33 23
87 34 24
87 35 25
87 36 26
87 37 27
87 38 28
87 39 29
87 40 30
87 41 31
87 42 32
87 43 33
87 44 34
87 45 35
87 46 36
87 47 37
87 48 38
87 49 39
87 50 40
87 51 41
87 52 42
87 53 43
87 54 44
87 55 45
87 56 46
87 57 47
87 58 48
87 59 49
87 60 50
87 61 51
87 62 52
87 63 53
87 64 54
87 65 55
87 66 56
87 67 57
87 68 58
87 69 59
87 70 60
87 71 61
87 72 62
87 73 63
87 74 64
87 75 65
87 76 66
87 77 67
87 78 68
87 79 69
87 80 70
87 81 71
87 82 72
87 83 73
87 84 74
87 85 75
87 86 76
87 87 77
87 88 78
87 89 79
87 90 80
87 91 81
87 92 82
87 93 83
87 94 84
87 95 85
87 96 86
88 0 88
88 1 89
88 2 90
88 3 91
88 4 92
88 5 93
88 6 94
88 7 95
88 8 96
88 9 0
88 10 1
88 11 2
88 12 3
88 13 4
88 14 5
88 15 6
88 16 7
88 17 8
88 18 9
88 19 10
88 20 11
88 21 12
88 22 13
88 23 14
88 24 15
88 25 16
88 26 17
88 27 18
88 28 19
88 29 20
88 30 21
88 31 22
88 32 23
88 33 24
88 34 25
88 35 26
88 36 27
88 37 28
88 38 29
88 39 30
88 40 31
88 41 32
88 42 33
88 43 34
88 44 35
88 45 36
88 46 37
88 47 38
88 48 39
88 49 40
88 50 41
88 51 42
88 52 43
88 53 44
88 54 45
88 55 46
88 56 47
88 57 48
88 58 49
88 59 50
88 60 51
88 61 52
88 62 53
88 63 54
88 64 55
88 65 56
88 66 57
88 67 58
88 68 59
88 69 60
88 70 61
88 71 62
88 72 63
88 73 64
88 74 65
88 75 66
88 76 67
88 77 68
88 78 69
88 79 70
88 80 71
88 81 72
88 82 73
88 83 74
88 84 75
88 85 76
88 86 77
88 87 78
88 88 79
88 89 80
88 90 81
88 91 82
88 92 83
88 93 84
88 94 85
88 95 86
88 96 87
89 0 89
89 1 90
89 2 91
89 3 92
89 4 93
89 5 94
89 6 95
89 7 96
89 8 0
89 9 1
89 10 2
89 11 3
89 12 4
89 13 5
89 14 6
89 15 7
89 16 8
89 17 9
89 18 10
89 19 11
89 20 12
89 21 13
89 22 14
89 23 15
89 24 16
89 25 17
89 26 18
89 27 19
89 28 20
89 29 21
89 30 22
89 31 23
89 32 24
89 33 25
89 34 26
89 35 27
89 36 28
89 37 29
89 38 30
89 39 31
89 40 32
89 41 33
89 42 34
89 43 35
89 44 36
89 45 37
89 46 38
89 47 39
89 48 40
89 49 41
89 50 42
89 51 43
89 52 44
89 53 45
89 54 46
89 55 47
89 56 48
89 57 49
89 58 50
89 59 51
89 60 52
89 61 53
89 62 54
89 63 55
89 64 56
89 65 57
89 66 58
89 67 59
89 68 60
89 69 61
89 70 62
89 71 63
89 72 64
89 73 65
89 74 66
89 75 67
89 76 68
89 77 69
89 78 70
89 79 71
89 80 72
89 81 73
89 82 74
89 83 75
89 84 76
89 85 77
89 86 78
89 87 79
89 88 80
89 89 81
89 90 82
89 91 83
89 92 84
89 93 85
89 94 86
89 95 87
89 96 88
90 0 90
90 1 91
90 2 92
90 3 93
90 4 94
90 5 95
90 6 96
90 7 0
90 8 1
90 9 2
90 10 3
90 11 4
90 12 5
90 13 6
90 14 7
90 15 8
90 16 9
90 17 10
90 18 11
90 19 12
90 20 13
90 21 14
90 22 15
90 23 16
90 24 17
90 25 18
90 26 19
90 27 20
90 28 21
90 29 22
90 30 23
90 31 24
90 32 25
90 33 26
90 34 27
90 35 28
90 36 29
90 37 30
90 38 31
90 39 32
90 40 33
90 41 34
90 42 35
90 43 36
90 44 37
90 45 38
90 46 39
90 47 40
90 48 41
90 49 42
90 50 43
90 51 44
90 52 45
90 53 46
90 54 47
90 55 48
90 56 49
90 57 50
90 58 51
90 59 52
90 60 53
90 61 54
90 62 55
90 63 56
90 64 57
90 65 58
90 66 59
90 67 60
90 68 61
90 69 62
90 70 63
90 71 64
90 72 65
90 73 66
90 74 67
90 75 68
90 76 69
90 77 70
90 78 71
90 79 72
90 80 73
90 81 74
90 82 75
90 83 76
90 84 77
90 85 78
90 86 79
90 87 80
90 88 81
90 89 82
90 90 83
90 91 84
90 92 85
90 93 86
90 94 87
90 95 88
90 96 89
91 0 91
91 1 92
91 2 93
91 3 94
91 4 95
91 5 96
91 6 0
91 7 1
91 8 2
91 9 3
91 10 4
91 11 5
91 12 6
91 13 7
91 14 8
91 15 9
91 16 10
91 17 11
91 18 12
91 19 13
91 20 14
91 21 15
91 22 16
91 23 17
91 24 18
91 25 19
91 26 20
91 27 21
91 28 22
91 29 23
91 30 24
91 31 25
91 32 26
91 33 27
91 34 28
91 35 29
91 36 30
91 37 31
91 38 32
91 39 33
91 40 34
91 41 35
91 42 36
91 43 37
91 44 38
91 45 39
91 46 40
91 47 41
91 48 42
91 49 43
91 50 44
91 51 45
91 52 46
91 53 47
91 54 48
91 55 49
91 56 50
91 57 51
91 58 52
91 59 53
91 60 54
91 61 55
91 62 56
91 63 57
91 64 58
91 65 59
91 66 60
91 67 61
91 68 62
91 69 63
91 70 64
91 71 65
91 72 66
91 73 67
91 74 68
91 75 69
91 76 70
91 77 71
91 78 72
91 79 73
91 80 74
91 81 75
91 82 76
91 83 77
91 84 78
91 85 79
91 86 80
91 87 81
91 88 82
91 89 83
91 90 84
91 91 85
91 92 86
91 93 87
91 94 88
91 95 89
91 96 90
92 0 92
92 1 93
92 2 94
92 3 95
92 4 96
92 5 0
92 6 1
92 7 2
92 8 3
92 9 4
92 10 5
92 11 6
92 12 7
92 13 8
92 14 9
92 15 10
92 16 11
92 17 12
92 18 13
92 19 14
92 20 15
92 21 16
92 22 17
92 23 18
92 24 19
92 25 20
92 26 21
92 27 22
92 28 23
92 29 24
92 30 25
92 31 26
92 32 27
92 33 28
92 34 29
92 35 30
92 36 31
92 37 32
92 38 33
92 39 34
92 40 35
92 41 36
92 42 37
92 43 38
92 44 39
92 45 40
92 46 41
92 47 42
92 48 43
92 49 44
92 50 45
92 51 46
92 52 47
92 53 48
92 54 49
92 55 50
92 56 51
92 57 52
92 58 53
92 59 54
92 60 55
92 61 56
92 62 57
92 63 58
92 64 59
92 65 60
92 66 61
92 67 62
92 68 63
92 69 64
92 70 65
92 71 66
92 72 67
92 73 68
92 74 69
92 75 70
92 76 71
92 77 72
92 78 73
92 79 74
92 80 75
92 81 76
92 82 77
92 83 78
92 84 79
92 85 80
92 86 81
92 87 82
92 88 83
92 89 84
92 90 85
92 91 86
92 92 87
92 93 88
92 94 89
92 95 90
92 96 91
93 0 93
93 1 94
93 2 95
93 3 96
93 4 0
93 5 1
93 6 2
93 7 3
93 8 4
93 9 5
93 10 6
93 11 7
93 12 8
93 13 9
93 14 10
93 15 11
93 16 12
93 17 13
93 18 14
93 19 15
93 20 16
93 21 17
93 22 18
93 23 19
93 24 20
93 25 21
93 26 22
93 27 23
93 28 24
93 29 25
93 30 26
93 31 27
93 32 28
93 33 29
93 34 30
93 35 31
93 36 32
93 37 33
93 38 34
93 39 35
93 40 36
93 41 37
93 42 38
93 43 39
93 44 40
93 45 41
93 46 42
93 47 43
93 48 44
93 49 45
93 50 46
93 51 47
93 52 48
93 53 49
93 54 50
93 55 51
93 56 52
93 57 53
93 58 54
93 59 55
93 60 56
93 61 57
93 62 58
93 63 59
93 64 60
93 65 61
93 66 62
93 67 63
93 68 64
93 69 65
93 70 66
93 71 67
93 72 68
93 73 69
93 74 70
93 75 71
93 76 72
93 77 73
93 78 74
93 79 75
93 80 76
93 81 77
93 82 78
93 83 79
93 84 80
93 85 81
93 86 82
93 87 83
93 88 84
93 89 85
93 90 86
93 91 87
93 92 88
93 93 89
93 94 90
93 95 91
93 96 92
94 0 94
94 1 95
94 2 96
94 3 0
94 4 1
94 5 2
94 6 3
94 7 4
94 8 5
94 9 6
94 10 7
94 11 8
94 12 9
94 13 10
94 14 11
94 15 12
94 16 13
94 17 14
94 18 15
94 19 16
94 20 17
94 21 18
94 22 19
94 23 20
94 24 21
94 25 22
94 26 23
94 27 24
94 28 25
94 29 26
94 30 27
94 31 28
94 32 29
94 33 30
94 34 31
94 35 32
94 36 33
94 37 34
94 38 35
94 39 36
94 40 37
94 41 38
94 42 39
94 43 40
94 44 41
94 45 42
94 46 43
94 47 44
94 48 45
94 49 46
94 50 47
94 51 48
94 52 49
94 53 50
94 54 51
94 55 52
94 56 53
94 57 54
94 58 55
94 59 56
94 60 57
94 61 58
94 62 59
94 63 60
94 64 61
94 65 62
94 66 63
94 67 64
94 68 65
94 69 66
94 70 67
94 71 68
94 72 69
94 73 70
94 74 71
94 75 72
94 76 73
94 77 74
94 78 75
94 79 76
94 80 77
94 81 78
94 82 79
94 83 80
94 84 81
94 85 82
94 86 83
94 87 84
94 88 85
94 89 86
94 90 87
94 91 88
94 92 89
94 93 90
94 94 91
94 95 92
94 96 93
95 0 95
95 1 96
95 2 0
95 3 1
95 4 2
95 5 3
95 6 4
95 7 5
95 8 6
95 9 7
95 10 8
95 11 9
95 12 10
95 13 11
95 14 12
95 15 13
95 16 14
95 17 15
95 18 16
95 19 17
95 20 18
95 21 19
95 22 20
95 23 21
95 24 22
95 25 23
95 26 24
95 27 25
95 28 26
95 29 27
95 30 28
95 31 29
95 32 30
95 33 31
95 34 32
95 35 33
95 36 34
95 37 35
95 38 36
95 39 37
95 40 38
95 41 39
95 42 40
95 43 41
95 44 42
95 45 43
95 46 44
95 47 45
95 48 46
95 49 47
95 50 48
95 51 49
95 52 50
95 53 51
95 54 52
95 55 53
95 56 54
95 57 55
95 58 56
95 59 57
95 60 58
95 61 59
95 62 60
95 63 61
95 64 62
95 65 63
95 66 64
95 67 65
95 68 66
95 69 67
95 70 68
95 71 69
95 72 70
95 73 71
95 74 72
95 75 73
95 76 74
95 77 75
95 78 76
95 79 77
95 80 78
95 81 79
95 82 80
95 83 81
95 84 82
95 85 83
95 86 84
95 87 85
95 88 86
95 89 87
95 90 88
95 91 89
95 92 90
95 93 91
95 94 92
95 95 93
95 96 94
96 0 96
96 1 0
96 2 1
96 3 2
96 4 3
96 5 4
96 6 5
96 7 6
96 8 7
96 9 8
96 10 9
96 11 10
96 12 11
96 13 12
96 14 13
96 15 14
96 16 15
96 17 16
96 18 17
96 19 18
96 20 19
96 21 20
96 22 21
96 23 22
96 24 23
96 25 24
96 26 25
96 27 26
96 28 27
96 29 28
96 30 29
96 31 30
96 32 31
96 33 32
96 34 33
96 35 34
96 36 35
96 37 36
96 38 37
96 39 38
96 40 39
96 41 40
96 42 41
96 43 42
96 44 43
96 45 44
96 46 45
96 47 46
96 48 47
96 49 48
96 50 49
96 51 50
96 52 51
96 53 52
96 54 53
96 55 54
96 56 55
96 57 56
96 58 57
96 59 58
96 60 59
96 61 60
96 62 61
96 63 62
96 64 63
96 65 64
96 66 65
96 67 66
96 68 67
96 69 68
96 70 69
96 71 70
96 72 71
96 73 72
96 74 73
96 75 74
96 76 75
96 77 76
96 78 77
96 79 78
96 80 79
96 81 80
96 82 81
96 83 82
96 84 83
96 85 84
96 86 85
96 87 86
96 88 87
96 89 88
96 90 89
96 91 90
96 92 91
96 93 92
96 94 93
96 95 94
96 96 95
