97
30 14 73
93 31 86
49 41 89
68 58 14
66 39 43
91 26 65
53 7 67
40 88 6
7 24 21
69 47 92
37 20 55
29 88 36
51 93 42
66 94 81
86 22 90
12 77 25
81 36 36
44 35 28
35 79 84
32 88 51
41 90 4
30 31 70
85 61 71
83 18 52
53 79 64
7 19 80
67 71 87
34 19 75
84 17 54
89 83 7
0 11 2
12 18 51
65 35 88
57 15 24
84 76 69
59 83 64
8 56 50
90 10 45
75 78 93
94 12 29
79 67 49
31 2 24
61 70 56
76 1 10
15 19 43
80 30 26
47 5 64
24 54 84
19 10 0
72 81 72
48 57 46
58 38 68
76 46 94
9 22 67
21 47 9
96 80 77
3 16 44
71 19 14
77 11 82
78 55 13
11 91 56
64 39 61
5 81 5
15 40 75
19 83 86
2 66 82
89 58 0
61 87 3
65 16 59
15 49 12
80 26 36
37 45 90
23 69 62
84 42 58
53 15 19
66 47 94
92 86 78
15 81 15
86 41 69
58 65 8
14 35 68
33 1 23
60 22 44
28 8 80
26 57 4
10 6 30
66 62 75
40 70 69
72 44 91
81 58 58
89 29 60
67 83 63
79 7 6
50 45 3
24 44 32
81 90 90
42 73 49
22 87 53
37 41 42
46 64 5
59 29 65
15 3 92
91 60 64
88 31 93
67 42 85
10 62 60
37 87 22
83 10 75
43 9 94
89 65 46
11 90 19
15 95 13
5 53 12
35 59 4
35 87 57
10 52 56
19 42 36
59 19 81
75 58 47
62 55 25
93 45 50
75 23 20
22 57 7
95 36 66
37 34 64
13 29 90
83 9 41
94 17 55
50 87 79
30 50 37
12 5 14
25 37 94
27 19 26
65 30 84
41 47 95
56 32 8
80 43 92
86 9 57
50 19 40
44 67 76
81 7 7
2 56 71
72 27 76
23 59 0
31 94 45
89 56 85
64 47 84
75 71 77
50 94 72
14 40 36
6 45 56
11 51 34
20 85 53
47 44 68
21 14 3
0 41 58
89 53 14
63 69 79
24 1 35
42 35 92
94 0 1
1 27 89
58 88 65
47 33 96
68 78 59
93 21 25
71 25 31
58 7 53
42 33 79
27 80 42
52 73 91
57 62 28
75 77 42
77 64 52
18 83 52
3 85 46
18 17 79
76 74 65
73 44 46
8 85 18
28 14 25
37 94 61
44 43 83
76 94 59
88 90 63
77 51 91
51 10 93
3 59 80
65 80 58
63 40 52
35 77 73
58 3 32
94 73 89
58 1 17
91 17 57
67 94 56
64 14 33
81 21 21
79 41 19
72 92 56
36 77 59
31 24 1
56 40 10
18 3 87
96 68 65
9 70 48
92 69 76
75 80 67
80 7 91
24 21 44
53 33 17
47 72 83
92 21 1
85 26 50
2 75 43
45 27 64
29 12 41
15 90 48
67 68 54
16 73 85
40 57 5
94 22 3
21 9 24
60 87 50
47 52 62
14 34 77
2 21 63
20 80 74
61 69 10
65 34 79
52 49 72
44 95 7
83 85 3
58 94 30
83 50 38
88 54 45
45 41 33
51 22 14
21 51 94
72 36 1
1 36 12
48 54 60
42 44 81
2 59 52
29 56 66
35 21 58
90 84 76
15 57 24
9 29 38
26 67 69
19 77 70
27 74 9
42 82 13
15 67 80
91 61 25
55 65 21
34 55 39
56 71 64
61 32 39
54 30 83
0 37 19
67 4 26
75 59 34
92 33 84
85 72 23
74 95 80
86 5 31
37 78 27
29 1 39
37 36 17
26 88 30
22 93 61
66 9 34
34 57 31
36 12 78
19 13 87
54 81 54
45 38 82
6 92 53
91 68 52
90 56 84
66 14 13
61 37 14
86 50 61
28 50 95
26 35 18
29 83 13
52 95 45
32 35 3
68 80 50
72 34 6
51 54 30
64 83 89
69 35 95
13 15 45
80 70 11
19 40 39
45 63 41
25 72 52
55 18 36
72 37 41
34 50 57
31 7 74
82 70 28
37 70 67
14 29 93
9 75 72
63 51 53
89 62 32
62 90 80
26 58 33
52 4 58
51 61 12
89 74 33
27 10 78
45 48 21
0 33 70
26 68 37
96 57 12
33 77 95
75 46 35
61 94 88
28 78 75
28 55 30
15 38 44
32 43 36
50 68 92
32 83 19
82 80 20
53 42 69
77 62 48
15 86 21
93 66 90
41 8 26
90 91 29
10 25 92
65 7 72
7 84 61
82 45 24
76 5 8
68 13 53
4 96 52
69 77 34
90 67 8
8 17 59
80 39 71
70 67 29
67 76 60
81 16 16
37 23 56
79 40 70
54 32 26
9 8 22
33 67 73
32 33 14
0 93 85
12 30 24
5 94 87
30 47 50
69 79 15
42 20 9
76 30 72
82 74 4
60 10 3
38 50 23
19 90 91
40 40 62
39 44 24
84 4 70
89 89 49
38 35 87
48 38 62
78 95 54
23 53 31
5 50 45
72 6 14
69 80 37
86 8 36
38 58 68
44 11 92
36 50 0
95 35 31
40 69 20
37 26 40
1 12 43
7 14 28
36 48 9
81 74 74
36 75 69
1 89 57
53 86 81
15 43 2
70 83 17
50 27 47
20 78 37
64 48 40
38 2 83
41 12 3
3 22 50
15 26 16
88 85 32
50 35 76
34 82 63
32 50 16
31 15 41
52 7 60
1 76 10
79 93 72
95 19 65
45 85 26
79 72 0
0 70 50
86 54 24
55 47 82
76 25 39
32 29 2
31 82 83
80 52 78
29 4 88
66 88 61
35 42 92
17 34 43
17 58 16
4 29 88
68 79 96
56 45 49
33 55 71
63 75 66
71 86 67
75 76 21
64 53 74
17 47 26
93 62 18
55 78 13
27 15 96
66 18 80
45 20 52
69 95 52
34 14 77
14 37 80
87 15 28
91 39 45
2 9 40
21 72 57
26 52 10
23 96 68
53 17 77
34 31 91
73 8 63
25 83 62
33 84 24
6 52 88
47 55 82
30 16 43
12 14 90
45 42 4
55 72 46
7 83 4
95 11 90
20 10 6
86 70 71
58 35 81
49 39 76
76 88 38
72 58 37
15 65 87
18 61 81
46 95 41
86 82 46
93 34 7
76 42 67
51 7 55
95 52 45
32 67 64
91 28 43
83 55 81
95 82 88
76 55 2
92 15 73
83 24 36
29 60 94
91 92 59
79 53 64
77 61 19
50 7 52
85 80 47
40 86 34
74 39 50
37 88 69
7 54 15
90 80 38
60 21 27
0 72 82
10 90 45
60 20 85
81 49 49
58 80 55
60 9 52
77 35 73
68 74 1
23 15 69
55 14 74
77 91 9
59 91 90
96 89 36
35 14 68
81 55 55
69 17 74
1 40 93
36 87 7
20 88 82
94 6 65
59 8 69
53 8 57
62 89 32
20 87 43
14 82 6
28 48 52
82 85 72
90 63 42
47 8 13
49 87 23
44 76 95
16 12 66
14 43 85
69 72 78
92 68 75
86 88 41
68 10 11
50 33 15
96 92 14
89 14 30
94 8 84
49 33 62
94 26 82
8 80 21
10 82 89
16 3 44
27 55 1
63 22 69
83 31 0
44 48 94
2 92 68
1 13 34
10 83 75
2 41 61
8 42 40
32 46 92
63 74 11
18 85 76
77 84 62
57 2 34
71 9 10
59 41 23
87 23 2
75 74 61
30 88 44
44 53 61
85 12 20
88 16 4
87 75 65
26 76 53
78 26 14
95 65 25
61 53 50
95 43 87
77 50 55
31 59 20
60 16 89
32 84 47
5 22 2
63 86 4
81 80 80
8 1 4
84 19 5
0 15 32
93 37 51
42 15 77
96 21 75
43 80 92
65 18 30
5 73 43
67 13 72
50 53 94
36 29 67
13 30 20
59 40 50
12 41 3
76 19 66
46 54 76
66 68 41
22 0 11
65 9 36
30 85 68
75 14 70
49 12 38
82 11 94
42 19 36
94 81 94
6 43 72
30 5 38
52 47 62
5 6 71
14 72 48
69 54 90
37 65 73
92 47 32
17 56 14
53 53 10
50 9 6
32 28 63
48 81 48
84 32 47
45 3 94
52 0 42
81 93 93
25 0 13
91 9 80
53 9 58
10 47 7
52 55 18
42 58 1
23 71 34
74 34 38
64 89 63
82 72 81
4 14 22
85 16 34
39 36 41
29 30 5
81 27 27
28 39 29
74 59 44
1 66 0
13 68 53
27 96 82
69 61 10
13 83 78
92 50 67
7 59 63
78 38 4
45 94 79
58 47 86
3 28 96
75 86 59
16 71 8
3 74 7
4 84 70
55 60 92
55 24 94
5 25 21
26 96 93
67 62 55
54 66 59
17 86 33
14 76 92
83 92 60
29 57 70
68 69 35
85 7 12
72 55 46
85 87 1
80 45 54
55 95 37
91 74 26
41 32 62
20 27 13
31 78 21
51 18 90
21 46 62
78 77 6
28 43 12
55 59 53
5 44 90
91 96 13
85 20 53
85 86 95
51 82 56
63 7 26
12 85 20
2 33 93
91 27 95
42 36 34
80 34 33
85 51 57
77 74 43
63 58 75
57 17 75
22 51 14
85 77 66
83 65 92
56 43 77
19 88 9
42 29 33
91 69 47
81 23 23
91 13 81
4 34 11
67 87 58
86 24 38
65 13 26
35 57 37
41 30 14
3 31 81
9 25 66
10 48 68
89 77 29
1 93 38
56 24 40
95 83 93
84 77 62
19 30 63
69 51 45
48 30 18
91 16 87
40 76 86
78 1 44
46 0 3
46 19 60
21 26 39
11 71 60
42 34 55
76 48 56
9 5 95
27 87 74
5 11 36
65 14 82
27 75 51
59 3 80
36 84 51
48 25 95
69 49 80
86 65 13
53 82 80
38 49 92
79 68 96
15 37 29
16 20 28
17 27 0
92 64 46
84 28 18
33 62 53
5 86 31
53 0 20
20 49 17
19 14 64
52 31 8
15 87 28
15 42 77
3 72 55
45 59 73
64 42 15
49 40 29
16 32 84
89 33 45
76 9 61
66 10 18
71 24 19
80 33 22
25 5 21
33 93 91
93 88 15
3 81 3
39 76 15
14 18 37
2 42 14
15 59 86
79 21 92
48 59 16
0 83 53
36 37 17
13 42 30
77 9 16
66 75 52
32 7 79
22 75 73
17 79 11
6 41 80
25 69 28
66 66 46
12 39 30
20 5 7
26 26 3
4 45 69
19 8 24
70 18 83
64 4 68
85 8 18
73 15 22
51 91 79
69 59 32
57 82 21
6 65 0
65 67 47
55 13 29
94 71 32
77 90 88
37 93 51
95 55 37
36 25 6
48 31 4
35 27 43
90 32 6
57 5 92
41 4 79
7 38 29
19 12 47
75 47 4
38 94 31
51 15 27
79 35 84
66 67 78
41 6 80
60 77 68
1 67 41
54 75 9
66 53 2
40 51 35
36 90 72
35 45 8
86 95 92
80 37 46
69 2 44
13 51 38
43 49 47
96 58 63
15 76 30
53 23 31
93 43 73
79 29 78
81 8 8
13 52 68
57 32 27
69 28 7
51 76 40
91 35 70
77 22 72
35 50 76
71 72 16
4 52 58
66 20 36
65 5 32
31 87 18
6 42 46
39 5 49
6 10 30
62 71 0
43 66 7
20 1 29
83 19 86
17 72 96
87 19 11
25 19 1
82 15 60
48 88 35
25 42 68
80 54 43
88 47 85
19 29 76
64 43 37
45 75 13
28 94 85
15 9 54
52 60 26
19 26 90
83 93 46
48 79 34
91 95 75
60 23 65
0 95 86
56 18 70
23 17 61
39 77 69
92 0 37
51 59 58
19 2 17
36 27 84
26 64 54
91 81 91
43 36 44
77 16 41
87 46 24
54 42 16
21 65 45
16 25 3
81 76 76
92 4 0
72 18 27
24 55 94
72 16 63
41 23 51
74 51 72
19 68 6
11 4 57
21 6 31
59 34 61
81 40 40
27 92 70
56 62 26
39 56 0
66 70 95
61 83 70
71 54 55
12 65 23
39 28 29
84 6 17
18 1 84
7 55 89
41 58 13
60 30 39
54 17 53
74 45 78
11 45 0
70 78 12
75 25 60
0 53 20
35 47 75
53 41 88
85 55 86
85 18 76
53 40 96
45 35 8
52 78 90
54 11 64
21 36 71
34 29 85
26 36 5
38 4 13
54 20 78
71 70 21
58 5 85
94 68 95
76 15 30
52 79 13
25 33 0
17 73 5
36 5 25
26 75 25
46 88 37
1 17 31
8 84 60
71 68 62
75 89 71
79 10 74
78 31 21
41 26 49
19 41 57
55 88 58
7 43 93
61 34 8
23 91 4
4 56 82
19 19 56
6 87 32
67 72 39
78 90 64
5 71 96
95 95 51
17 48 8
41 45 33
68 25 83
80 73 57
86 38 70
75 75 40
36 30 3
49 66 9
62 53 51
79 19 85
85 45 26
5 92 19
23 12 80
60 56 73
54 69 90
74 31 48
2 61 86
64 60 72
36 57 16
62 37 24
28 40 65
43 92 45
54 80 43
39 21 81
65 33 12
29 38 89
27 65 61
35 51 19
48 56 31
30 93 16
43 55 42
66 21 4
35 88 83
44 71 52
44 10 50
68 65 10
24 34 41
73 94 89
94 50 72
71 81 71
71 13 47
15 20 23
16 69 5
44 33 29
44 85 67
82 35 10
39 10 90
20 55 5
22 30 32
72 53 47
52 86 76
62 5 65
23 95 15
9 35 86
48 5 63
65 57 77
15 36 70
42 92 11
4 31 14
26 10 73
62 58 76
9 58 29
1 8 4
1 39 92
32 66 71
42 23 54
25 4 19
90 53 22
91 38 51
15 52 66
76 41 70
30 12 24
38 81 38
16 75 26
27 95 38
85 96 61
27 27 7
78 34 82
49 9 64
22 42 12
73 83 25
86 31 23
2 20 8
40 46 63
26 24 47
42 49 82
5 47 64
45 53 87
39 59 40
73 22 59
92 1 61
85 85 93
72 72 85
65 26 34
68 2 88
3 15 92
68 55 49
92 95 62
65 6 0
13 5 56
81 57 57
69 44 53
7 37 47
13 91 81
58 53 46
17 29 35
47 71 90
45 74 78
72 30 61
90 55 68
42 77 74
33 54 81
62 81 62
74 21 85
66 22 23
81 67 67
24 50 31
24 74 69
24 75 57
34 73 93
44 23 39
93 84 59
76 96 81
9 10 46
41 46 65
18 47 25
78 9 2
84 24 78
73 55 87
29 20 56
19 50 40
89 17 87
75 28 87
6 31 67
13 24 67
31 51 65
70 52 79
21 62 50
55 2 77
23 67 74
32 48 5
37 56 52
54 94 12
58 50 49
48 62 93
84 89 40
93 53 3
69 34 0
46 35 53
3 56 65
12 42 60
54 46 76
71 21 80
17 22 88
39 26 78
43 63 82
59 12 6
88 51 29
8 64 56
93 69 29
9 62 11
27 68 85
17 82 22
30 18 82
77 63 92
59 55 53
63 37 12
22 73 59
13 8 33
92 23 21
16 61 62
74 73 60
19 6 12
42 28 35
8 23 27
9 69 1
15 83 37
73 33 31
57 45 67
46 47 81
88 27 11
57 50 84
20 6 33
74 69 55
73 79 62
25 7 32
95 66 68
59 74 44
34 96 62
4 53 63
11 57 14
57 21 38
5 83 20
9 81 9
96 62 35
53 20 84
17 77 85
6 6 77
37 21 87
44 83 71
88 56 62
5 37 23
62 18 16
70 34 42
67 29 46
14 48 50
46 1 77
53 59 75
92 22 34
20 67 61
48 49 2
95 60 57
64 26 54
89 41 81
30 10 2
74 15 83
95 22 40
60 24 30
80 86 82
52 96 53
56 53 32
95 17 49
50 78 7
20 8 51
96 19 16
8 93 76
59 27 62
66 0 77
40 62 47
61 18 81
65 3 51
76 12 57
44 87 93
45 68 19
47 59 12
90 51 89
12 94 29
10 72 35
29 66 12
51 56 1
44 13 82
1 51 71
12 3 10
51 33 10
20 58 3
10 81 10
9 93 43
58 30 34
0 65 15
59 93 82
64 30 45
34 67 2
0 87 52
85 13 25
95 0 86
69 91 47
42 81 42
19 48 20
37 38 71
69 36 40
16 78 79
69 92 76
41 67 59
20 40 22
95 96 44
72 65 69
14 85 7
84 10 49
70 4 73
19 34 75
75 13 95
13 28 10
22 58 71
9 39 47
51 12 86
19 35 82
7 21 46
27 81 27
37 72 41
38 7 29
11 1 53
61 27 72
56 27 90
62 85 8
46 38 28
39 19 10
82 58 19
30 37 6
66 33 60
40 13 79
83 27 54
90 74 27
46 78 42
95 48 59
53 39 16
2 11 47
62 76 34
88 68 67
18 84 9
4 66 62
56 86 43
47 16 33
63 31 44
61 40 57
12 70 1
30 67 25
83 67 63
3 55 85
70 43 64
16 28 21
9 37 8
45 13 39
16 39 1
50 20 1
69 19 8
76 78 16
85 43 29
27 22 79
48 75 90
59 47 12
39 45 65
52 40 81
94 21 34
1 31 76
67 73 88
49 13 0
79 54 42
41 63 64
42 91 72
45 7 57
90 42 5
31 88 93
13 34 3
33 87 72
57 26 4
74 37 79
69 73 30
68 11 32
48 64 40
89 44 66
96 9 4
27 37 50
26 51 67
65 43 11
26 16 92
26 53 1
23 93 37
2 71 95
58 92 42
15 28 6
60 52 26
60 84 83
30 39 52
11 18 35
72 22 17
57 84 93
89 4 90
49 73 55
35 35 39
5 17 94
69 81 69
58 44 84
81 96 96
6 37 20
78 54 33
95 69 52
44 66 65
5 93 81
17 1 31
82 10 89
65 47 41
30 41 14
86 17 33
33 79 28
0 30 17
39 61 54
45 4 69
47 32 93
73 42 49
94 47 76
46 83 72
46 33 16
62 52 40
22 47 77
38 72 22
21 82 51
28 79 26
2 94 53
62 87 44
13 78 50
53 66 2
6 56 47
4 16 2
80 40 17
74 19 59
30 3 90
35 12 34
40 66 15
94 79 36
57 44 0
88 96 49
25 25 71
45 49 32
73 36 4
70 39 8
13 0 21
50 65 14
87 44 93
60 69 87
67 11 51
34 59 61
89 76 78
89 26 8
43 5 9
69 7 85
40 44 8
20 56 88
35 78 32
52 41 38
44 94 41
32 90 6
61 11 95
51 73 70
8 29 71
68 20 66
15 75 81
4 68 36
42 63 3
87 35 57
88 6 89
46 27 2
33 63 25
83 12 84
96 7 18
49 76 88
31 45 2
17 61 15
35 58 81
40 82 33
52 15 66
57 68 80
90 27 3
19 71 14
41 69 27
69 21 77
56 33 89
36 17 83
26 72 66
80 10 14
60 49 75
82 78 69
11 92 16
41 85 56
3 76 1
59 63 30
77 12 25
92 44 35
52 85 87
21 54 61
72 68 71
70 85 33
72 94 11
64 5 48
39 40 27
71 77 37
43 56 77
4 37 5
77 10 8
35 62 15
24 22 82
11 81 11
21 71 80
28 0 66
43 31 57
50 38 23
65 40 64
38 38 55
1 63 32
9 86 57
10 75 16
63 10 17
58 16 7
32 93 65
79 18 29
86 96 40
65 63 5
39 74 50
87 62 44
23 58 92
38 43 74
22 89 54
56 37 52
17 50 19
7 89 68
16 66 56
39 14 38
90 69 12
57 6 3
90 83 96
89 37 82
89 36 21
34 38 69
64 84 16
45 17 72
37 35 72
94 40 58
49 75 11
46 62 52
41 72 92
81 87 87
67 77 65
87 32 66
85 75 64
61 35 11
55 26 22
6 78 81
43 29 30
33 96 56
33 69 64
43 70 64
9 72 65
49 2 58
4 83 6
89 3 12
16 51 80
38 15 44
69 64 19
62 44 31
46 60 56
92 43 45
89 5 39
56 56 36
85 58 41
23 72 93
56 47 60
76 54 74
66 92 91
61 21 64
75 85 64
91 47 71
45 58 70
31 86 23
81 94 94
71 57 53
66 44 65
29 94 74
7 12 40
78 83 51
92 75 3
90 71 57
72 5 79
45 19 28
34 21 83
81 66 66
9 9 87
12 64 91
7 6 50
80 68 50
8 9 22
33 94 19
30 86 49
41 34 20
7 3 84
26 25 89
29 77 7
88 60 21
46 79 31
29 72 8
68 77 58
54 36 48
4 27 15
37 92 25
59 61 38
5 4 44
80 95 72
78 93 8
73 54 67
11 30 88
64 55 59
45 95 96
65 91 53
24 68 93
96 12 76
93 60 69
13 41 2
39 1 92
18 58 26
54 58 11
30 52 47
17 11 46
18 75 56
73 77 12
28 64 1
51 16 80
84 81 84
12 47 74
94 24 5
8 91 46
64 79 7
90 85 40
16 53 90
5 40 28
63 15 35
46 46 19
21 25 96
22 85 96
18 12 51
51 74 72
53 29 21
15 24 61
90 2 23
7 93 20
62 16 82
79 85 82
94 48 78
84 15 31
12 76 57
6 40 87
31 22 66
12 73 56
49 84 77
81 37 37
35 30 94
93 4 10
32 78 87
50 30 37
28 71 51
41 44 10
81 28 28
50 70 32
1 10 13
9 91 80
38 69 39
46 41 65
60 50 63
19 11 30
9 28 14
93 33 91
15 71 89
38 51 6
62 17 10
59 23 0
3 78 57
34 49 87
14 32 59
8 51 28
43 53 56
14 30 73
38 9 91
91 14 94
18 51 90
29 52 49
74 33 76
55 41 9
0 66 77
27 77 20
78 47 56
30 49 57
22 72 17
20 37 55
44 28 78
74 9 31
0 20 12
24 96 72
60 59 46
63 36 95
32 25 45
24 61 23
2 13 6
52 27 39
14 8 19
39 75 96
74 76 65
77 58 90
92 29 26
49 61 13
49 48 2
80 17 45
36 63 95
39 53 16
81 2 2
67 70 29
29 19 76
42 8 40
75 92 3
36 7 65
32 55 41
53 21 15
88 0 46
91 8 46
39 47 63
53 1 73
88 53 72
87 85 1
60 19 78
47 31 79
37 54 38
90 43 20
15 12 72
85 53 83
15 60 25
63 41 64
83 87 73
65 2 49
41 36 96
74 50 8
6 51 83
55 20 5
16 89 38
7 10 71
76 70 3
44 50 69
88 92 43
95 16 74
30 36 3
74 80 63
72 91 67
94 67 56
8 89 15
89 86 80
79 62 69
59 43 15
85 21 13
74 47 6
17 19 71
11 54 64
69 82 65
60 18 22
59 64 14
25 23 87
61 44 42
57 23 25
68 0 30
90 34 25
0 26 45
13 45 39
73 53 13
95 21 73
45 15 68
70 12 1
78 15 1
61 50 41
18 35 78
35 4 40
6 84 17
79 34 71
59 56 19
43 44 83
14 6 26
59 75 34
83 89 7
87 74 92
67 81 67
83 46 72
6 80 40
91 25 85
56 28 4
33 23 44
4 19 35
75 43 19
14 55 74
56 6 47
55 1 45
35 85 5
9 94 49
87 91 19
85 67 4
92 34 80
0 86 55
43 81 43
69 46 13
42 45 4
13 80 9
55 11 66
6 55 4
15 58 62
55 71 44
38 20 27
19 95 65
93 51 42
86 84 20
39 66 43
68 88 67
54 9 28
34 66 21
30 9 74
9 33 75
88 37 69
67 7 22
9 41 73
83 75 74
52 8 44
60 55 92
43 82 78
86 63 4
71 48 24
22 78 74
74 72 84
27 82 18
51 48 3
12 1 43
37 11 68
63 79 68
38 60 49
19 82 93
56 1 68
53 6 49
74 20 16
83 61 70
12 92 55
88 75 5
77 88 96
68 15 84
47 64 84
90 40 78
57 73 33
45 47 36
69 60 87
19 85 37
67 82 91
62 26 7
20 30 77
26 95 61
84 66 8
20 74 16
41 16 12
33 82 90
94 18 10
13 38 7
70 71 21
62 96 35
67 35 90
32 18 38
4 79 91
55 31 72
59 76 29
33 52 82
43 21 66
25 40 82
19 20 31
22 62 89
51 36 68
73 58 77
67 52 93
57 75 88
84 90 76
58 4 59
95 40 14
6 73 19
71 95 4
42 39 23
80 1 8
93 73 24
3 94 77
18 2 89
26 77 31
25 15 26
93 52 1
43 75 19
12 15 72
5 89 39
64 28 1
39 78 3
49 32 7
58 43 27
9 24 68
8 37 77
62 8 68
56 52 17
5 33 50
90 0 28
42 88 27
69 40 20
92 7 31
56 94 16
51 86 62
1 68 86
75 17 18
50 56 39
1 16 95
44 73 46
61 54 31
27 35 43
93 55 95
53 60 93
11 58 61
16 7 77
52 37 11
74 38 42
21 13 22
63 96 43
17 4 25
79 11 1
84 21 23
86 80 82
43 77 14
46 16 67
76 32 17
40 25 82
55 56 69
51 68 64
45 40 95
1 25 14
63 72 34
52 20 69
32 42 24
48 94 78
81 10 10
74 58 5
77 67 65
40 73 3
79 82 5
55 23 88
33 72 40
19 87 11
94 80 18
84 95 53
24 20 25
33 85 49
80 83 35
72 33 40
51 19 25
28 20 2
86 35 47
44 63 87
26 47 2
29 18 63
58 8 45
85 83 3
92 70 4
35 24 29
84 56 72
7 67 22
79 9 32
32 14 59
50 61 41
64 67 30
7 57 86
12 57 95
2 38 83
61 85 71
3 86 93
92 89 72
88 35 83
79 63 68
93 46 32
27 90 3
46 57 29
76 84 69
4 50 29
74 93 35
65 51 24
78 82 69
6 22 43
68 64 26
91 46 14
44 93 4
32 52 77
63 81 63
6 19 12
31 27 87
90 77 88
85 30 68
55 43 42
22 5 2
76 67 60
2 96 55
76 82 27
16 57 47
44 38 56
76 92 90
47 84 14
26 7 42
12 10 63
47 51 15
18 33 3
23 7 64
44 42 81
59 5 84
94 13 14
18 48 41
19 91 84
78 24 63
38 54 20
2 18 89
84 88 80
40 35 66
20 11 18
84 57 93
61 41 48
29 22 10
21 49 5
48 48 28
90 38 58
81 22 22
73 48 37
71 78 5
45 44 60
45 73 75
41 86 69
14 57 55
38 95 33
49 62 83
46 22 70
14 69 81
20 23 47
6 3 39
70 73 47
47 37 88
83 4 6
59 30 11
87 31 18
70 74 18
68 71 62
5 41 93
49 55 63
69 88 25
18 66 80
82 24 76
25 87 34
90 72 33
86 85 95
75 62 58
73 41 66
53 49 30
9 95 42
92 39 79
23 37 56
10 85 59
35 29 9
61 88 91
0 10 84
92 38 63
85 3 46
16 29 81
37 44 89
69 63 79
70 7 87
57 4 85
6 64 90
8 28 80
95 8 2
23 28 33
11 62 74
80 80 84
14 42 86
22 70 58
29 89 60
87 29 91
23 36 94
32 77 61
35 90 77
44 26 9
29 44 3
94 52 75
23 66 70
69 83 56
65 61 89
13 25 61
6 13 55
7 90 36
31 20 35
7 60 0
16 10 22
19 5 72
90 28 15
12 58 83
83 32 19
62 80 56
26 43 48
50 91 78
57 69 26
21 50 74
52 29 49
74 60 47
19 3 95
3 41 15
88 86 41
28 68 56
73 82 8
7 82 48
14 0 34
83 7 4
50 57 84
0 57 51
84 79 39
59 44 70
33 78 20
34 30 29
92 76 90
62 29 61
93 1 38
37 7 47
35 31 64
68 33 57
8 3 52
5 0 35
63 19 7
62 41 45
4 3 48
10 4 33
30 15 4
18 80 13
77 75 42
13 20 15
73 57 33
27 30 81
56 41 54
95 31 19
60 96 67
48 2 69
74 30 87
71 22 9
17 21 7
66 51 39
48 1 65
22 12 18
57 0 51
74 28 73
45 14 51
17 15 67
91 37 10
61 72 68
61 63 29
96 34 62
90 5 66
36 24 10
84 3 75
18 36 74
96 16 78
57 24 91
27 89 69
18 29 63
41 37 42
58 68 14
3 45 94
81 3 3
60 2 90
77 42 74
19 46 60
80 6 40
17 20 24
77 14 21
84 29 32
57 64 32
24 16 58
81 35 35
91 94 92
18 73 6
95 1 50
96 38 88
0 51 92
54 77 10
50 88 68
40 1 93
47 38 45
24 29 14
13 88 18
86 13 73
47 94 76
11 77 82
73 47 42
95 62 36
74 32 53
91 32 12
67 91 24
11 23 17
35 95 31
2 16 32
57 9 45
9 11 44
55 73 87
7 36 65
69 27 68
61 39 54
41 19 57
35 80 48
37 50 44
8 8 16
15 13 45
91 5 33
55 54 27
58 46 15
10 84 49
22 32 49
70 13 35
40 45 95
51 32 73
29 25 40
57 53 9
3 37 60
87 38 80
54 4 37
37 82 58
62 22 89
79 48 34
95 87 26
95 58 69
53 45 87
71 73 72
88 18 94
86 56 43
34 64 70
88 9 13
39 50 62
36 70 81
80 41 86
18 59 43
11 94 83
47 56 60
34 65 79
42 2 14
93 58 56
9 12 85
68 94 95
57 60 76
57 34 31
77 70 86
70 60 6
11 52 12
77 93 28
45 81 45
72 85 23
88 41 78
5 52 57
29 81 29
42 47 78
54 28 79
18 8 34
26 45 83
33 35 26
94 3 77
47 45 36
64 75 44
57 93 52
45 36 35
34 91 1
16 68 29
86 18 2
21 16 53
22 20 76
10 53 48
68 61 78
93 36 11
49 53 30
26 1 79
64 81 64
37 39 59
58 41 13
91 41 35
55 4 7
22 53 45
31 28 17
27 67 32
61 73 82
92 14 47
54 33 81
58 83 88
82 92 41
92 40 89
41 0 58
37 1 96
47 69 92
88 72 95
16 64 50
39 80 71
47 75 4
76 59 29
93 91 74
77 6 51
83 1 27
29 54 44
76 43 63
16 60 89
78 40 80
5 56 58
82 27 18
7 47 39
14 65 82
24 15 61
78 73 61
13 32 76
35 73 69
71 58 48
25 95 24
4 69 3
62 91 3
82 87 54
70 65 7
12 22 18
53 72 47
39 27 60
18 5 62
16 56 20
14 67 11
71 27 23
80 58 55
1 28 81
81 45 45
46 63 39
46 26 17
10 45 29
57 29 70
57 49 79
76 4 9
43 71 79
73 35 69
65 49 20
34 54 88
40 26 60
0 60 95
21 0 56
35 22 36
22 35 36
44 60 12
20 4 71
14 59 71
8 22 35
34 27 58
62 13 70
43 17 89
86 86 37
78 11 39
30 28 41
8 38 10
39 4 66
12 23 80
41 96 6
71 83 33
17 40 56
24 88 22
9 1 33
48 67 38
33 48 36
47 87 8
32 30 67
28 88 71
20 31 35
4 13 23
45 86 22
18 20 57
20 69 58
85 59 79
46 48 89
7 71 45
77 33 95
85 76 45
9 59 88
63 87 88
5 31 80
3 75 89
14 21 3
54 27 4
82 6 34
39 51 82
60 92 8
0 81 0
63 92 20
41 53 88
5 59 84
79 20 75
31 73 52
11 5 36
93 14 12
43 45 6
31 1 76
22 54 80
6 54 95
43 91 31
0 39 91
23 90 49
36 43 44
62 54 49
31 49 71
70 26 88
12 25 15
55 33 71
37 47 88
38 90 58
76 38 79
92 83 60
11 86 28
7 79 6
62 70 20
42 67 85
66 7 25
38 62 84
33 59 66
55 66 17
46 49 34
53 12 4
91 87 19
33 61 21
34 5 68
91 43 31
48 60 79
46 55 93
15 88 57
4 55 7
62 7 19
68 56 12
47 88 85
30 82 96
17 39 42
25 49 81
82 29 62
16 50 51
46 34 4
61 15 74
2 64 29
18 96 0
63 18 93
50 96 58
60 46 56
81 26 26
13 96 64
45 45 53
50 71 56
39 55 48
40 59 50
48 58 80
82 77 45
73 27 14
92 3 9
33 17 92
84 78 86
10 57 58
79 83 80
21 93 25
3 5 53
7 2 78
30 1 55
80 27 42
2 14 65
35 65 88
13 67 72
60 0 95
87 51 61
33 47 96
73 96 79
91 78 83
13 12 32
24 40 88
94 60 33
1 77 5
43 86 52
60 89 31
45 31 2
86 64 79
24 91 60
79 31 53
40 55 16
79 60 88
16 55 91
33 46 16
75 34 50
42 21 17
14 20 40
16 83 40
81 59 59
45 87 10
14 74 17
19 4 35
53 35 7
96 74 54
36 10 57
23 22 30
96 33 56
86 37 65
45 29 48
4 49 24
32 23 9
48 24 51
43 65 11
30 74 87
19 60 78
37 32 43
78 28 75
84 39 28
57 76 44
57 65 77
85 40 44
86 91 48
27 86 94
43 48 23
46 65 57
48 80 44
33 13 5
60 1 70
37 27 50
91 30 42
13 7 88
94 74 57
90 47 17
94 63 15
8 31 25
58 39 35
3 24 2
85 29 73
81 89 89
67 16 36
64 12 91
76 58 50
42 0 57
58 27 66
7 94 43
87 94 64
39 83 34
90 19 91
10 68 11
84 96 87
71 17 65
73 7 41
79 89 4
17 9 39
48 36 9
35 82 10
33 44 29
22 76 0
31 5 80
1 92 61
2 84 57
67 33 73
68 23 63
74 25 58
69 52 70
36 45 35
32 86 56
48 63 77
73 87 39
94 43 39
61 12 45
88 58 65
73 74 60
88 28 71
82 26 77
92 49 10
78 65 94
14 84 96
13 6 55
51 92 36
31 84 7
52 26 10
16 17 69
94 92 71
79 80 12
62 9 11
89 71 11
60 54 66
70 93 49
32 27 22
18 44 86
34 41 20
69 48 72
33 33 78
9 57 45
95 64 82
60 62 2
53 22 45
60 7 0
32 56 8
5 80 75
70 95 63
76 37 28
81 51 51
79 51 41
39 42 23
56 91 5
59 95 3
5 58 85
96 70 41
52 51 96
96 54 47
86 19 15
58 87 38
65 94 44
78 39 3
16 88 4
29 0 43
15 92 73
7 1 69
87 65 90
43 42 70
66 85 28
17 94 55
92 25 38
93 0 85
69 20 58
40 8 31
38 64 18
68 89 94
21 84 23
40 63 52
63 45 41
18 69 61
82 91 44
60 79 88
29 51 50
60 86 51
89 19 79
47 17 26
85 0 81
50 14 42
56 0 41
59 31 20
83 82 47
6 66 57
37 49 84
7 5 34
18 92 28
32 92 29
13 48 86
7 48 70
94 93 17
78 72 43
27 76 75
72 4 74
73 34 93
23 60 65
77 95 30
93 72 19
26 13 74
34 80 33
46 12 59
14 80 49
16 42 31
10 39 90
40 24 88
27 8 6
59 20 48
25 22 64
38 75 8
69 69 94
12 81 12
18 19 77
72 51 21
32 20 72
13 61 80
49 38 92
93 47 55
22 96 95
39 24 9
91 72 67
70 49 78
71 29 82
86 43 52
17 64 76
9 19 62
13 93 54
6 83 91
24 25 4
8 90 47
54 3 18
20 2 8
23 78 29
5 85 0
60 81 60
67 55 14
2 85 11
71 46 91
19 94 96
58 63 75
20 26 87
89 63 22
2 65 49
67 88 75
77 3 11
89 32 83
21 41 36
54 13 71
79 15 95
11 11 31
14 28 25
55 40 16
80 94 18
63 60 10
73 30 0
69 16 5
72 19 58
2 53 18
94 87 64
47 25 43
75 20 91
75 30 76
38 56 34
8 61 0
61 26 58
62 93 18
84 11 42
6 47 44
79 22 94
9 51 76
72 59 5
88 40 6
78 21 26
15 84 31
82 55 3
77 30 93
64 37 3
77 72 26
35 49 50
59 16 96
30 95 91
26 44 9
14 25 88
81 83 83
87 2 12
59 71 17
25 10 92
39 6 11
45 30 23
56 93 13
63 38 65
87 96 83
24 59 8
89 51 23
77 87 35
31 42 62
82 48 14
51 31 65
40 20 22
2 55 77
69 3 21
32 13 76
79 25 57
5 74 91
94 85 38
3 65 51
71 26 41
77 80 87
17 90 41
22 19 68
81 4 4
6 4 38
53 96 26
11 53 76
72 77 26
81 44 44
60 29 94
14 11 78
65 20 19
77 39 69
14 12 90
94 27 35
28 10 76
44 77 15
88 52 24
23 8 27
57 74 23
23 1 11
73 19 45
81 63 63
53 46 82
13 50 89
68 40 13
68 32 4
84 67 50
82 20 64
41 57 1
47 3 0
63 43 82
30 21 12
9 53 58
17 55 70
62 79 69
92 48 83
28 5 77
66 11 72
68 95 39
91 66 69
58 57 87
63 55 67
72 15 9
18 68 72
84 7 61
48 46 89
76 23 77
43 20 41
68 70 51
21 64 95
7 18 92
77 21 67
30 45 23
90 65 75
96 0 22
35 20 14
69 86 42
96 8 5
12 44 22
47 15 58
5 12 14
34 9 5
50 32 16
80 16 70
74 92 82
67 60 20
24 76 64
75 55 10
84 53 6
22 45 81
19 52 2
62 95 36
68 31 33
44 49 73
83 71 33
80 23 83
52 84 41
10 60 3
93 65 62
20 22 76
43 57 50
53 37 86
28 4 8
71 6 27
23 70 40
89 91 50
83 5 20
52 58 94
52 83 29
63 33 25
40 10 26
32 79 86
91 76 32
27 3 36
37 59 85
57 35 37
96 88 49
60 58 43
43 25 90
13 60 24
20 94 73
23 20 47
2 52 7
53 73 13
17 91 57
1 15 90
8 26 12
95 77 30
32 26 68
0 75 48
71 90 57
76 89 78
85 35 5
64 88 0
71 11 60
28 59 45
1 7 69
36 23 94
91 73 86
33 26 32
62 62 30
49 85 91
76 53 52
45 33 88
79 91 40
7 26 42
36 8 39
5 62 65
31 52 8
69 41 27
14 49 1
20 77 54
49 23 67
77 56 44
67 69 83
31 68 33
39 57 72
51 71 20
74 49 45
76 34 37
77 92 49
25 91 85
80 36 29
96 90 92
1 32 28
15 23 69
19 37 21
51 35 19
16 40 25
73 16 85
40 87 85
23 5 82
72 54 87
42 62 90
46 90 71
25 43 90
50 85 70
51 62 66
87 22 53
35 46 53
44 46 6
8 82 29
86 71 67
6 2 9
71 7 45
16 47 33
87 36 7
24 56 40
11 28 23
32 47 93
11 43 4
18 42 44
81 43 43
46 39 7
46 73 36
12 28 36
76 61 85
80 82 20
21 83 65
60 75 82
9 80 19
90 90 65
89 25 41
30 79 22
7 25 32
96 35 2
62 61 5
95 70 63
30 89 1
84 61 1
74 8 32
61 77 19
50 41 91
75 33 2
6 38 78
14 64 33
58 0 93
72 80 53
82 40 33
10 80 14
41 14 53
16 15 10
87 20 43
75 37 83
85 39 74
96 65 74
59 58 72
39 84 28
53 65 37
69 26 6
60 11 40
68 53 28
92 17 6
7 95 5
95 59 3
17 89 87
95 72 32
50 66 86
20 83 10
58 26 33
82 75 7
87 1 75
76 7 51
83 96 50
25 30 53
23 50 90
14 58 20
65 46 57
83 80 35
30 56 7
40 61 57
29 21 28
12 95 0
85 1 94
13 36 63
75 48 90
36 65 33
64 7 49
88 57 73
64 63 28
69 31 51
62 83 57
29 61 79
63 30 62
58 82 19
23 81 23
66 54 59
78 75 93
15 5 88
0 43 69
3 52 73
78 76 16
87 6 32
72 66 50
52 22 20
8 11 89
49 30 57
25 58 2
55 27 1
78 33 20
30 71 78
32 15 42
20 68 66
78 10 95
52 17 80
19 43 18
20 0 12
77 38 81
13 37 1
93 57 52
68 9 89
66 4 62
16 92 64
23 46 95
16 80 70
30 27 81
53 55 0
43 67 3
47 30 50
57 88 73
52 18 67
54 91 93
6 67 94
26 81 26
22 14 62
52 59 21
61 71 43
33 34 52
61 10 94
70 45 46
6 14 26
24 7 21
62 39 46
72 45 77
79 6 16
91 55 6
74 23 10
35 93 0
3 73 54
18 38 59
66 19 33
48 28 52
51 21 94
29 11 84
17 16 69
12 21 88
85 50 70
72 89 10
45 62 14
91 71 54
96 56 48
13 17 12
91 18 88
86 33 63
54 55 27
26 23 28
6 20 33
25 13 61
19 44 74
11 46 50
59 48 16
74 35 49
85 42 52
13 75 95
37 53 86
59 35 4
27 93 77
26 54 35
53 54 62
54 22 80
79 28 26
79 95 46
48 13 86
3 25 8
74 6 22
29 31 42
2 28 72
6 69 82
39 7 17
30 96 15
42 1 6
8 88 1
73 88 2
0 9 60
3 61 33
45 96 85
38 36 53
79 44 33
25 28 59
74 87 92
8 36 39
89 50 18
52 3 73
59 33 66
60 90 14
38 93 30
35 53 7
26 33 32
12 54 65
92 54 17
95 49 48
33 38 37
79 36 52
0 56 41
92 80 88
91 93 74
72 86 88
45 72 77
40 48 1
36 13 63
8 18 34
96 84 87
31 50 22
69 74 55
53 76 52
6 90 52
84 48 30
89 11 25
89 47 48
29 53 21
5 19 72
60 45 61
20 38 27
65 93 62
61 20 26
41 61 48
7 33 1
33 65 12
41 60 29
77 46 22
9 87 70
26 28 86
32 57 27
74 36 56
19 89 79
90 16 13
36 79 52
57 51 11
28 93 40
28 19 49
91 0 49
5 66 24
46 84 64
6 9 79
47 95 23
31 56 9
94 20 73
91 57 82
26 85 50
91 31 63
71 18 85
40 85 44
48 68 76
67 9 53
12 69 93
21 38 14
88 83 23
65 87 90
87 25 34
87 8 67
67 3 6
68 45 19
24 65 71
82 16 71
60 6 59
87 40 85
9 96 4
51 13 38
76 79 73
30 60 39
41 91 35
58 40 4
13 86 73
90 8 47
48 35 71
35 69 95
33 57 59
64 71 66
79 3 47
69 5 60
95 3 58
36 69 40
54 25 63
60 85 9
58 29 24
83 3 82
25 29 40
79 1 54
48 78 85
8 35 65
76 73 48
22 88 33
18 22 5
11 7 62
61 52 83
96 91 13
59 60 46
36 33 85
69 94 91
59 77 18
57 67 81
39 87 37
77 49 60
23 18 24
19 18 77
28 16 21
47 21 9
1 62 67
39 73 95
6 29 23
46 85 88
65 74 3
7 72 75
87 43 49
60 73 38
93 93 41
13 69 66
38 14 43
21 57 38
65 32 52
34 78 82
7 70 87
59 2 52
70 41 39
38 89 52
42 9 26
38 96 88
44 82 49
81 42 42
22 44 51
48 52 32
82 7 48
67 26 69
36 28 82
42 4 93
10 71 38
26 49 15
2 88 50
79 66 45
2 77 79
60 93 69
49 77 60
54 60 66
41 74 0
84 69 46
73 32 11
31 18 54
58 79 23
43 79 65
53 18 42
49 86 6
10 34 96
46 17 90
46 44 6
78 81 78
56 17 14
69 50 48
95 53 85
1 9 33
5 38 1
41 51 87
39 67 77
14 9 0
89 75 71
62 28 64
65 70 7
34 24 41
95 46 41
48 85 75
24 57 91
58 48 80
56 81 56
31 9 92
71 66 92
95 24 17
13 56 11
49 74 45
56 19 42
56 67 79
90 44 62
66 1 0
39 34 94
49 31 71
9 3 56
63 73 23
24 8 48
16 79 61
8 66 64
54 24 84
25 44 72
80 24 52
41 54 22
76 71 93
13 87 16
54 54 6
86 53 81
33 14 87
96 20 45
72 69 78
21 4 72
50 17 19
88 66 61
95 9 42
86 15 21
40 71 42
87 90 81
5 65 32
63 57 83
1 41 30
76 65 68
92 82 41
58 21 54
23 65 43
84 51 85
34 22 78
24 4 65
22 39 13
10 65 86
18 25 91
41 21 36
9 60 52
92 26 44
50 48 25
27 33 55
31 92 15
52 91 23
42 50 10
12 24 13
44 47 68
7 96 18
11 35 54
73 31 52
10 14 61
78 12 19
14 10 61
93 19 92
48 19 20
39 25 93
51 38 6
68 63 8
30 64 45
29 15 11
11 61 95
47 41 95
40 12 11
28 61 92
63 39 2
44 15 64
25 31 29
89 6 96
40 67 18
24 83 36
84 26 29
18 91 88
49 3 16
13 16 83
38 68 60
84 68 2
54 45 89
81 33 33
18 82 73
72 46 86
81 13 13
93 50 33
34 52 86
5 95 55
1 75 78
37 3 60
88 94 28
33 9 75
24 58 28
27 91 95
63 50 21
36 68 46
19 92 13
10 69 88
45 2 5
40 52 81
74 17 52
60 42 45
29 35 9
10 8 9
96 52 53
50 43 75
18 57 40
53 83 59
26 93 70
8 30 79
17 41 34
73 29 16
35 64 6
85 91 39
85 52 87
75 57 88
3 1 24
7 11 62
37 52 11
34 17 43
54 34 88
64 86 79
61 49 13
15 7 82
21 2 63
14 77 21
96 71 69
92 41 52
14 81 14
32 69 54
13 85 25
53 27 25
28 42 35
48 10 68
12 2 62
64 57 32
15 27 96
3 57 43
83 17 66
51 84 85
90 93 44
59 0 10
96 73 79
28 24 3
10 50 27
7 51 55
35 6 61
56 90 84
62 38 84
40 47 30
75 69 23
24 3 2
36 54 48
37 63 12
57 58 87
29 59 65
81 64 64
5 39 49
83 0 53
56 4 82
85 44 67
96 32 91
27 53 25
73 24 7
34 86 74
24 17 81
54 78 33
78 20 37
89 21 93
71 93 6
81 85 85
36 96 31
25 80 69
5 34 68
70 56 74
58 28 44
76 31 36
81 95 95
14 63 45
81 11 11
25 56 22
34 3 67
17 23 61
23 86 32
49 27 86
93 40 67
79 37 93
11 83 45
45 61 93
33 73 31
96 55 90
10 3 64
75 54 9
84 70 27
43 22 84
25 89 41
12 8 92
27 70 31
90 68 21
85 32 15
74 16 94
51 88 29
93 49 39
28 28 32
28 31 17
1 82 36
37 33 4
65 38 67
32 40 48
92 59 93
25 63 55
73 52 91
59 79 89
13 84 19
63 47 40
1 96 3
55 70 61
2 76 35
5 55 47
16 22 65
93 11 96
14 60 5
87 63 88
47 67 16
7 81 7
31 79 53
15 51 27
20 19 31
78 43 22
30 73 0
61 33 21
87 7 9
60 32 13
69 30 89
82 89 84
66 87 5
39 65 83
50 49 65
0 79 59
95 2 28
48 84 30
94 25 7
96 36 31
34 85 14
46 82 55
8 65 17
6 23 7
84 9 3
30 91 42
11 31 77
60 48 79
29 68 0
40 72 49
13 23 52
12 84 71
55 69 57
43 54 40
44 58 84
94 2 53
25 16 3
18 78 68
87 37 22
0 94 1
25 64 9
90 45 86
92 6 53
14 66 13
36 89 21
69 22 4
58 36 22
96 30 15
47 12 74
75 87 65
22 71 9
28 6 42
71 36 86
83 74 14
29 55 52
76 60 96
73 86 1
74 55 75
82 62 43
20 79 75
68 85 16
38 32 40
2 27 10
55 64 59
82 41 37
91 64 96
55 93 95
57 57 22
43 1 91
72 76 24
7 31 74
19 64 83
67 8 86
53 91 68
42 18 44
60 28 34
34 94 9
85 65 78
32 21 18
71 33 13
54 62 49
73 3 54
2 68 88
5 14 16
7 32 79
38 11 3
71 96 69
37 68 48
43 16 0
90 82 70
47 78 56
30 61 65
30 80 26
61 62 5
27 23 45
72 2 94
51 87 61
15 6 5
22 60 44
96 53 26
24 69 16
93 26 70
65 86 13
73 46 36
64 54 69
25 75 60
65 55 21
35 2 25
53 10 48
52 1 48
3 79 47
89 10 44
94 77 0
31 57 78
27 56 90
64 45 25
0 52 42
7 42 95
80 71 28
26 37 40
35 1 42
14 1 9
33 50 15
73 45 75
34 37 64
43 26 48
79 56 37
68 96 65
65 79 60
46 20 79
65 58 8
96 2 55
6 34 45
20 32 72
82 0 79
8 41 26
2 86 66
75 65 85
5 60 86
72 71 16
48 26 13
79 92 58
0 63 71
71 84 94
36 39 41
32 61 39
49 10 66
50 93 33
21 55 43
57 79 56
55 42 8
2 17 3
29 71 82
18 43 71
95 34 89
74 26 62
22 25 64
62 10 60
68 18 72
14 24 56
52 82 25
89 54 56
49 94 37
96 3 70
82 79 5
11 66 72
49 1 19
23 82 85
63 67 1
63 53 33
28 74 73
95 71 4
94 11 83
44 64 17
90 37 39
92 81 92
6 96 29
26 39 78
22 24 82
52 48 32
54 89 56
34 8 23
8 49 3
96 96 60
10 92 85
39 20 68
2 6 9
54 41 22
57 10 58
35 63 96
18 62 16
1 23 11
0 13 21
28 73 53
31 34 91
54 65 70
51 57 11
68 8 82
9 50 6
72 64 20
14 4 22
21 60 27
71 92 12
86 78 25
80 25 69
26 11 81
21 17 7
19 7 80
56 84 72
83 16 40
39 9 47
54 15 50
82 51 56
26 32 68
74 61 36
0 74 39
85 2 11
92 5 19
64 51 88
52 14 95
54 86 24
77 26 31
95 63 84
24 46 11
13 66 84
86 16 39
0 21 56
62 25 33
48 33 36
46 13 8
8 52 44
92 63 20
86 32 56
67 46 48
21 3 78
67 48 38
43 73 68
25 65 50
87 77 35
65 48 81
82 25 42
64 68 26
0 68 30
1 6 15
35 94 52
51 20 95
14 14 66
49 35 50
78 68 59
60 39 80
30 34 29
48 39 22
34 0 16
4 39 66
89 68 94
22 33 41
62 86 54
53 2 18
21 79 92
71 53 70
52 42 71
89 35 91
78 58 18
32 11 33
56 60 73
16 49 52
79 73 62
86 52 76
77 89 29
77 48 57
73 6 19
36 66 79
87 71 46
18 60 22
80 57 15
15 70 14
10 95 83
30 51 75
80 76 25
60 38 49
64 18 21
80 31 59
44 62 31
62 67 55
62 66 75
13 14 46
58 61 6
50 81 50
19 45 28
47 34 49
43 15 2
36 6 60
12 16 66
9 67 53
92 66 91
53 93 3
45 90 86
93 56 13
76 66 47
84 36 51
19 51 25
22 31 66
20 46 79
72 56 51
43 93 73
65 95 25
23 30 71
15 39 53
49 83 68
74 82 4
70 75 36
16 23 6
26 42 84
72 96 30
54 67 19
72 74 84
42 96 20
86 76 11
13 90 59
68 1 86
45 32 30
75 16 26
83 58 88
60 82 32
42 68 47
84 65 55
44 57 0
75 63 66
77 66 3
58 72 37
49 96 21
78 94 67
43 28 12
67 84 50
58 74 5
75 19 53
26 78 14
18 15 17
76 14 92
64 0 75
3 53 79
50 28 95
39 64 61
93 17 68
36 19 38
89 87 51
19 17 71
93 96 71
43 89 95
23 89 59
30 24 85
73 80 57
74 70 18
64 65 93
3 71 49
51 5 37
16 13 83
46 36 45
74 91 26
6 1 15
60 91 64
81 19 19
32 94 90
71 23 34
52 88 24
19 24 50
51 79 41
61 58 6
7 49 94
6 32 35
21 22 48
30 23 71
26 22 85
87 87 48
19 25 1
36 86 77
57 56 94
90 23 49
73 60 38
59 10 39
3 49 16
52 2 7
58 76 50
14 90 54
22 66 23
4 6 38
21 75 86
90 33 69
25 24 4
85 70 33
52 56 17
7 16 77
85 82 72
33 68 57
36 11 80
5 57 92
87 5 42
42 66 89
54 29 44
40 60 7
27 78 71
91 51 79
57 96 12
80 79 12
39 70 8
3 62 42
55 49 63
93 10 79
14 41 53
35 34 30
5 51 37
44 30 13
28 1 81
87 12 69
92 31 15
67 2 92
1 11 53
54 70 0
65 25 50
95 38 33
27 29 34
92 72 56
49 44 73
63 95 84
60 74 47
51 29 50
45 52 84
55 21 43
36 32 50
30 94 86
87 88 77
37 81 37
3 26 38
62 63 81
66 55 17
6 27 37
75 26 25
2 12 62
94 35 52
29 80 51
66 46 96
36 78 49
75 38 8
87 47 8
84 22 52
9 47 37
24 87 89
52 92 22
64 74 71
18 81 18
46 70 68
4 82 39
17 68 9
45 25 74
57 16 47
47 63 40
22 80 24
15 85 65
83 28 22
61 78 35
46 45 38
7 4 96
84 23 35
43 72 62
6 68 18
43 94 39
66 38 85
46 89 20
90 94 93
65 69 2
10 88 47
63 84 38
93 68 34
93 90 44
84 58 79
77 86 17
88 7 59
16 6 76
51 89 23
84 13 19
60 3 41
37 95 78
10 73 65
22 82 38
86 21 29
44 52 85
30 42 80
48 20 49
45 84 43
12 12 44
47 77 1
75 88 5
23 76 77
91 36 58
83 11 45
76 36 89
84 40 45
59 50 24
47 92 32
78 80 41
77 73 12
65 82 9
85 93 58
2 0 36
85 49 91
58 77 90
83 21 65
26 5 76
94 58 30
78 70 12
50 31 22
52 87 6
61 38 32
26 62 7
54 6 95
59 4 49
50 29 64
65 75 85
87 42 63
76 22 0
51 65 24
93 35 0
22 27 79
19 32 69
82 33 90
28 53 11
50 83 38
57 71 53
73 12 56
77 78 6
65 31 56
42 13 30
36 61 55
92 57 2
62 64 41
87 28 0
89 88 53
89 49 26
64 96 24
94 46 66
85 11 22
86 67 7
23 32 9
39 96 25
84 46 64
22 64 27
57 86 8
14 38 43
20 57 60
27 1 89
32 62 1
42 60 45
64 36 43
76 72 24
77 52 89
16 41 12
22 1 83
57 38 48
45 80 54
84 33 24
4 44 45
54 95 77
64 80 4
87 16 86
61 46 49
78 52 90
67 12 96
51 80 32
29 37 45
27 42 91
22 37 16
27 63 19
96 24 72
80 67 68
14 62 23
7 73 41
18 87 4
55 51 78
91 3 34
61 31 90
47 89 48
21 77 67
72 84 89
30 48 18
75 18 56
8 7 37
95 74 80
76 56 33
83 34 44
38 41 16
70 14 52
66 42 89
35 19 82
14 36 15
48 87 15
79 84 39
58 32 78
21 44 79
15 68 84
54 63 86
71 15 89
78 22 74
74 2 21
3 51 69
81 61 61
11 40 37
41 2 61
8 47 13
36 62 91
71 51 20
42 89 37
70 35 45
43 84 88
96 40 51
93 18 45
43 34 81
16 44 54
75 53 39
66 58 40
14 31 39
81 17 17
12 79 48
30 6 8
44 89 66
51 52 96
52 54 34
66 84 8
60 12 81
36 46 45
53 3 79
43 58 27
95 42 76
82 64 12
45 16 37
7 44 11
13 2 6
74 54 41
26 70 88
4 7 96
93 24 66
61 86 44
18 18 14
43 23 8
2 30 46
50 84 73
60 37 62
91 49 18
81 88 88
78 66 48
75 79 14
68 22 15
81 62 62
61 30 65
64 95 82
33 8 83
44 88 48
1 79 54
89 18 65
10 91 28
75 81 75
45 39 65
41 81 41
23 85 19
57 55 62
91 10 28
8 92 66
48 23 12
33 64 11
83 42 43
50 23 90
54 92 17
44 74 77
96 85 61
85 74 89
44 22 51
9 14 0
69 76 71
90 48 87
14 96 8
59 15 86
96 13 64
57 14 55
24 71 19
0 49 33
24 86 38
11 36 80
2 81 2
67 25 23
32 3 37
94 59 54
32 10 31
4 38 13
91 23 4
1 48 65
55 89 64
88 55 58
94 69 91
52 9 50
5 46 83
31 83 0
17 43 89
26 17 23
88 26 30
84 83 48
79 75 14
11 68 32
46 96 33
41 93 21
87 73 39
52 52 63
38 85 17
21 86 29
2 15 33
57 13 17
50 15 34
58 89 0
21 90 10
32 72 60
60 70 6
5 24 73
59 36 42
51 41 87
45 21 91
44 81 44
61 59 38
8 63 85
34 92 80
41 31 60
78 79 9
51 11 34
35 28 24
58 22 71
25 79 57
36 38 53
14 7 28
80 77 87
60 15 25
3 10 64
52 35 51
55 5 47
50 63 21
41 66 44
79 42 21
35 15 46
43 88 54
6 82 34
6 46 74
31 10 12
36 49 93
40 3 71
15 35 46
40 32 48
75 40 94
65 4 31
91 62 3
44 45 60
4 64 68
25 57 30
49 52 72
90 11 19
35 10 67
26 92 44
30 29 5
95 32 21
66 31 38
21 96 75
78 88 52
33 91 8
78 16 79
42 59 56
64 61 77
63 94 15
16 36 88
50 50 88
11 56 63
26 50 46
18 23 24
48 70 54
93 20 83
58 75 47
4 25 19
70 96 41
46 76 94
13 92 94
3 18 87
86 62 54
73 61 82
27 64 57
14 95 35
81 48 48
77 36 59
65 83 92
80 32 85
90 59 26
24 0 27
12 37 31
4 74 28
83 88 23
57 95 18
74 57 23
33 40 43
86 2 66
69 6 82
6 77 51
91 89 50
56 30 7
85 95 60
29 45 48
24 18 75
90 41 4
6 33 54
47 81 47
72 25 52
22 77 72
8 94 84
94 57 6
74 88 20
43 0 69
94 90 93
64 59 14
66 35 27
52 69 70
43 68 5
73 10 65
60 94 33
1 85 94
30 26 19
85 81 85
57 78 66
30 62 59
7 75 33
70 86 71
60 47 19
63 9 59
2 34 15
80 74 63
35 3 20
13 72 42
78 0 65
10 33 77
52 63 46
76 27 75
2 10 42
15 62 94
2 5 54
2 19 17
41 76 70
86 49 6
63 52 46
62 77 48
50 37 44
53 94 27
18 6 58
18 65 30
17 17 95
42 54 16
59 66 76
35 74 49
56 15 18
82 53 80
95 54 77
26 65 34
82 46 55
19 72 58
56 21 2
17 12 27
83 2 76
28 80 94
0 47 80
21 63 47
5 27 29
27 38 5
27 16 93
70 1 72
57 28 89
32 89 83
14 78 72
77 76 80
83 60 58
45 34 92
75 15 81
93 3 88
1 74 51
48 41 47
94 76 59
51 47 15
50 73 80
92 53 95
46 80 0
46 71 91
34 33 52
78 44 47
93 85 58
82 21 51
12 62 37
68 12 77
18 14 37
19 58 51
55 57 62
36 0 54
41 40 84
82 60 32
54 43 40
51 24 49
9 34 5
80 13 9
63 21 47
89 27 69
71 16 8
31 74 48
79 46 31
66 73 20
9 16 35
76 91 32
16 2 32
43 52 33
21 81 21
59 46 47
24 93 66
89 38 52
95 80 72
1 86 26
89 15 3
89 79 4
90 1 85
64 62 41
11 82 94
54 84 92
3 9 56
29 33 47
37 46 9
92 94 71
5 21 41
6 53 49
94 32 90
90 6 52
13 31 43
42 10 41
29 13 90
52 64 65
11 65 91
57 90 35
46 9 21
82 8 29
16 74 94
95 30 91
3 47 0
49 70 78
71 80 28
68 66 41
86 58 9
38 76 79
4 8 95
81 50 50
54 57 68
37 48 53
0 50 26
89 30 1
86 66 30
88 77 96
78 36 49
78 78 38
69 84 46
56 7 3
90 73 83
78 27 71
92 19 13
50 8 20
62 73 71
82 83 47
55 25 73
90 20 11
24 5 73
16 45 37
46 50 30
89 96 36
65 10 86
2 40 19
96 67 42
73 50 80
94 75 62
58 93 56
63 12 50
31 93 86
31 65 56
77 82 45
3 87 27
12 0 7
7 27 56
2 36 64
41 68 7
10 30 2
45 26 83
78 89 88
81 69 69
2 8 74
28 41 67
53 19 55
80 75 67
15 29 11
13 10 37
3 36 76
12 56 46
75 82 7
18 55 36
25 52 16
19 36 38
32 54 26
43 11 4
24 9 68
77 96 23
60 76 96
29 91 55
87 33 72
63 46 39
75 95 79
13 4 23
29 14 93
42 61 53
6 75 28
5 91 33
6 36 60
50 58 49
50 44 69
66 83 11
8 45 7
70 24 55
75 2 43
87 13 16
76 40 86
78 62 17
40 58 4
44 79 33
50 25 35
85 64 80
1 87 75
61 82 30
30 13 20
89 90 24
36 83 18
90 13 59
5 75 6
42 11 7
74 14 17
58 10 82
19 73 45
27 41 28
53 14 44
13 82 57
78 41 76
93 48 64
73 40 3
20 93 83
54 87 14
29 17 35
19 93 92
72 12 64
2 78 91
83 62 57
10 18 69
76 26 53
90 78 64
53 48 91
78 91 83
66 8 64
93 67 84
87 30 31
45 23 66
81 92 92
31 61 90
24 33 86
12 82 75
37 24 70
27 85 24
40 7 2
47 58 86
55 30 33
49 49 8
67 89 28
58 11 61
8 69 96
90 52 0
11 93 96
64 50 36
44 78 47
17 80 45
92 8 66
25 78 70
4 85 84
19 27 26
57 27 49
31 85 55
68 4 36
76 80 25
7 50 52
70 2 85
83 45 1
35 83 12
71 71 29
96 37 34
46 74 12
71 55 44
27 83 54
58 23 92
8 50 20
18 34 19
91 50 78
85 48 75
3 58 32
86 28 68
38 67 21
15 74 83
54 5 13
27 71 23
52 93 1
91 20 30
23 26 28
41 20 46
58 34 12
29 48 19
79 17 11
64 31 10
72 38 22
74 18 15
43 43 17
16 59 96
22 38 46
15 32 42
28 72 70
89 64 63
51 9 76
78 87 40
1 43 91
90 96 92
5 64 48
13 43 28
59 52 21
20 34 90
13 70 35
22 11 55
14 19 64
52 6 88
12 59 6
80 35 48
13 59 92
26 4 43
45 56 49
35 41 85
59 13 92
65 37 73
52 76 4
17 5 94
49 82 40
9 63 59
3 40 71
95 15 13
49 21 5
96 63 43
32 41 62
14 3 4
68 38 60
38 33 37
42 79 21
8 6 93
49 37 84
9 56 27
63 5 61
19 62 27
81 65 65
26 48 13
78 25 70
1 73 74
67 27 32
29 42 33
47 13 69
9 92 18
83 54 8
17 8 59
83 73 25
3 19 95
50 80 2
88 89 53
15 17 67
32 24 96
32 34 10
61 13 80
53 5 12
0 48 6
12 61 45
5 32 46
85 71 63
56 64 86
86 74 64
75 49 11
49 64 22
1 81 1
38 44 56
17 36 83
76 93 26
81 52 52
3 89 12
94 66 81
45 60 61
67 78 31
76 68 23
14 68 27
42 95 76
29 79 78
63 14 45
29 28 20
63 16 18
92 88 43
46 92 69
34 20 90
15 80 93
37 73 26
87 11 20
37 57 36
37 55 15
7 77 13
41 15 8
47 61 28
88 45 17
66 81 66
58 85 41
77 71 37
43 74 86
6 0 63
81 82 82
63 82 16
73 21 90
48 7 70
70 6 25
93 5 81
15 11 49
27 94 35
41 42 94
69 93 29
58 70 91
0 17 38
49 63 54
6 86 84
37 12 31
14 23 75
38 63 65
44 0 40
36 55 24
35 17 1
35 7 16
37 5 23
27 57 49
55 74 75
75 7 33
78 30 10
20 3 59
27 18 48
70 3 30
20 33 38
63 54 86
16 30 43
33 20 38
49 19 4
49 24 95
63 77 92
46 3 23
10 24 62
75 6 28
96 81 96
37 71 7
6 49 36
22 74 25
72 87 36
55 34 39
28 34 13
10 70 24
20 7 44
80 66 1
67 30 25
65 19 29
2 58 96
64 52 65
48 76 56
37 60 62
34 26 51
2 50 81
42 76 67
54 64 69
96 61 9
47 18 25
60 27 17
65 78 94
85 28 90
41 11 71
61 14 18
37 22 16
69 55 57
80 90 38
0 45 76
74 74 70
53 51 60
45 18 12
38 23 96
79 27 8
31 63 44
78 84 86
2 39 56
92 61 7
50 64 36
51 58 52
35 11 54
90 9 7
88 19 9
18 56 70
10 78 95
5 5 89
45 12 42
91 44 27
65 23 43
11 42 7
65 60 54
54 23 1
9 30 74
43 19 18
10 77 8
0 80 64
27 31 87
57 19 54
84 73 15
53 89 14
83 77 2
10 17 36
64 73 51
56 49 35
85 79 82
0 8 62
30 38 95
92 87 96
96 18 0
23 92 21
93 81 93
78 4 55
28 13 10
9 43 94
3 12 10
33 0 70
63 17 78
40 68 13
39 11 21
35 70 45
13 63 31
88 30 44
36 36 75
49 58 74
82 4 39
92 71 12
18 27 48
14 86 89
19 39 10
41 7 83
72 83 31
37 29 45
73 70 47
64 40 38
34 79 71
96 76 81
81 1 1
26 34 51
72 14 48
27 4 15
65 12 23
11 10 52
12 51 86
44 61 42
6 59 68
93 39 89
11 19 30
28 2 72
63 83 49
57 77 39
1 70 72
40 39 27
62 78 17
22 16 65
45 51 44
17 63 78
79 0 59
24 64 42
4 30 54
86 34 74
38 0 94
48 45 21
39 92 79
55 45 11
18 54 39
82 95 88
51 70 84
1 35 42
22 28 19
94 31 45
53 71 70
56 35 93
26 18 20
36 95 66
6 25 86
11 60 40
57 33 59
25 59 51
45 57 67
55 36 24
15 73 22
48 27 92
3 2 45
64 8 56
18 72 27
23 13 52
56 92 87
88 3 19
3 17 28
23 84 35
72 40 49
68 49 42
44 5 90
4 57 85
74 10 40
69 9 1
60 33 48
32 68 4
38 27 5
5 28 77
55 17 70
33 22 41
90 79 50
13 71 47
25 1 14
82 32 95
48 37 53
43 18 71
40 53 96
71 75 77
75 35 63
2 74 21
40 11 37
52 74 37
20 92 86
89 93 5
88 15 57
36 1 12
67 90 8
17 84 54
13 27 44
27 52 39
43 6 72
18 71 85
87 81 87
1 47 18
42 38 75
38 48 62
31 14 39
4 24 65
5 16 30
81 91 91
17 62 10
64 15 85
26 91 65
52 50 59
69 29 17
23 87 2
88 2 50
96 39 25
26 63 56
23 55 88
1 21 16
20 82 64
62 48 93
15 21 76
80 0 64
1 1 64
87 54 14
58 54 11
84 8 60
21 11 6
67 21 82
33 11 58
63 27 19
65 54 70
30 30 9
93 74 35
76 2 35
28 76 31
35 33 26
70 47 22
62 50 12
55 76 2
22 21 48
42 93 87
45 78 34
86 40 34
92 27 70
4 62 86
15 22 91
20 47 89
91 11 56
11 69 67
59 6 68
86 10 53
22 59 1
90 49 43
95 79 46
72 23 93
68 59 22
81 15 15
59 7 63
96 25 80
65 11 91
79 86 3
46 66 96
73 13 40
22 36 47
24 6 92
59 32 55
74 81 74
74 71 2
29 87 91
8 0 62
91 65 53
50 59 24
90 88 63
65 42 66
13 64 60
48 4 17
34 56 53
10 7 71
7 61 76
0 76 18
95 6 10
77 24 53
17 87 47
81 72 72
78 42 28
78 13 50
78 61 35
27 48 92
91 82 44
4 32 80
67 59 33
9 42 26
76 24 64
73 81 73
61 7 76
58 84 79
84 37 0
38 87 80
89 80 6
6 63 24
46 93 32
15 41 8
26 38 72
65 77 63
42 14 86
21 48 55
94 38 31
24 80 52
13 9 77
34 76 37
95 7 5
84 63 38
24 92 33
36 82 87
21 8 70
6 74 22
67 14 11
36 44 19
40 74 24
87 66 5
24 32 96
33 32 14
72 52 54
11 48 43
87 53 29
59 86 83
23 24 26
50 75 54
94 78 67
12 7 40
3 38 66
26 86 96
83 86 85
27 47 52
20 15 23
9 4 83
87 58 38
81 41 41
42 37 2
61 3 33
47 23 3
62 6 85
71 32 74
88 88 92
93 82 23
50 52 59
2 22 31
6 89 96
80 84 34
95 10 83
79 24 18
68 34 73
68 62 79
0 96 22
94 65 44
91 45 15
48 18 41
94 64 8
4 1 56
16 86 39
5 7 34
37 69 18
62 32 1
10 61 94
93 22 61
50 6 13
33 88 34
69 15 36
72 50 28
23 64 53
47 86 72
81 75 75
18 50 53
54 37 38
48 96 73
11 38 3
66 79 45
45 55 11
88 29 36
50 89 18
13 57 17
45 22 81
55 90 68
28 38 93
40 15 75
58 96 63
76 81 76
85 78 62
50 34 57
10 10 91
64 58 31
53 25 78
46 8 87
6 94 65
3 95 58
60 5 86
73 93 24
25 18 91
75 51 46
50 62 12
63 71 73
93 32 65
56 50 39
65 28 48
48 8 58
35 96 2
43 35 60
33 81 33
16 72 63
49 72 44
26 46 17
76 20 42
51 81 51
82 30 96
66 57 74
23 45 66
38 6 78
36 91 58
33 7 1
36 81 36
72 49 44
59 11 87
10 32 31
59 70 77
16 58 7
9 46 21
79 4 91
22 41 63
65 90 75
62 68 79
1 80 8
48 0 6
28 47 38
74 12 68
10 49 66
2 47 27
82 94 2
92 18 28
60 53 93
42 46 73
46 87 24
92 73 50
50 60 63
60 31 37
83 59 64
82 66 26
21 20 32
13 79 51
48 93 64
21 19 52
64 24 42
91 33 8
1 14 9
86 61 44
48 74 96
90 57 35
86 87 45
75 32 0
68 92 75
57 7 86
44 21 79
49 7 94
11 20 18
16 46 67
50 26 46
20 54 78
59 28 45
80 51 32
59 49 28
91 42 72
31 60 37
11 89 25
57 94 6
8 67 86
47 9 37
34 93 7
55 29 52
93 64 47
72 1 2
64 6 90
90 17 41
56 51 1
34 40 54
4 2 51
46 18 1
22 26 85
13 74 93
84 84 33
32 1 28
38 24 0
3 33 68
71 31 40
28 12 36
46 6 74
12 80 39
42 17 64
90 36 72
58 19 51
93 89 5
11 34 65
5 63 61
26 69 6
45 43 6
78 86 25
9 77 16
63 59 30
6 44 1
20 64 39
78 29 96
74 1 51
32 38 40
47 82 53
14 45 51
75 39 96
70 59 77
62 40 47
39 0 91
90 24 46
34 89 17
71 87 46
78 64 58
94 30 86
28 69 7
3 39 14
56 69 24
63 1 32
87 9 70
37 86 65
41 39 5
53 38 24
18 94 10
64 13 60
24 52 74
26 90 95
53 88 72
66 6 57
89 9 55
27 43 16
39 13 85
33 86 63
10 15 55
56 48 31
48 3 74
82 59 35
29 3 25
18 53 42
62 56 26
40 31 68
66 28 88
91 85 39
4 42 93
2 31 24
3 42 29
51 75 46
96 49 21
75 60 82
22 95 40
71 94 32
65 15 87
91 48 11
76 49 88
35 0 89
88 46 37
83 66 11
26 80 36
34 1 60
68 51 64
34 36 32
36 88 26
71 41 75
83 15 37
96 66 19
64 41 55
86 42 18
44 59 70
38 77 81
50 22 93
82 34 63
72 75 12
82 44 49
67 53 71
18 52 67
55 61 40
86 83 85
12 93 53
68 90 21
62 82 43
89 2 13
14 87 60
77 29 7
92 96 14
51 66 39
28 60 34
65 84 55
71 28 51
74 13 93
12 74 68
16 18 23
7 87 9
25 54 63
15 78 1
75 45 13
87 50 79
84 86 20
93 61 63
42 7 95
59 80 7
58 2 96
51 95 8
95 29 1
39 2 56
23 77 50
21 24 44
34 11 65
65 64 93
85 22 96
2 54 75
60 57 76
81 6 6
44 44 18
39 17 42
34 10 96
16 4 2
17 7 73
41 89 81
29 29 68
45 79 27
5 67 40
43 38 74
17 57 75
49 45 32
38 18 59
40 6 87
4 0 67
17 6 62
2 73 84
46 4 75
90 54 82
80 60 23
29 43 30
39 49 76
8 27 6
56 80 95
61 25 47
31 11 77
54 14 32
19 47 46
48 92 83
1 50 82
21 61 64
20 20 4
54 82 52
77 8 75
73 39 95
10 74 40
24 39 9
38 59 36
16 85 34
7 64 49
94 1 80
32 91 12
2 49 58
27 5 29
1 65 40
51 69 45
77 65 63
34 62 72
83 90 96
96 51 7
43 47 51
37 8 77
44 51 5
12 78 19
79 39 44
89 94 42
3 80 5
47 24 87
21 59 37
74 44 77
68 21 20
81 18 18
94 34 9
1 61 46
3 6 39
61 16 62
36 21 71
14 53 44
78 74 46
32 81 32
57 46 29
41 49 89
43 50 75
53 32 23
59 72 5
61 92 7
83 72 31
95 37 78
48 12 33
1 94 80
55 91 6
16 67 36
60 51 18
53 44 61
34 77 56
51 51 2
68 47 70
27 21 40
15 55 56
19 53 55
1 37 96
6 93 75
64 94 8
92 93 57
49 26 15
5 54 13
38 73 35
22 22 86
47 43 51
9 15 54
47 11 24
46 43 25
93 54 2
49 47 61
56 82 92
0 24 27
0 91 49
20 18 57
77 5 27
1 64 62
68 76 23
3 8 52
28 45 55
77 68 58
55 80 79
24 70 55
95 28 16
52 16 55
87 80 62
50 67 43
51 44 5
84 54 92
11 25 75
68 52 31
1 56 68
30 2 46
78 8 30
70 91 62
57 12 95
40 38 41
7 91 38
10 55 20
54 83 8
81 71 71
92 37 25
10 31 12
68 17 9
16 70 57
96 75 27
49 92 10
90 18 31
85 84 10
33 89 45
84 31 7
68 28 56
49 42 82
70 23 40
31 76 36
7 76 51
93 6 75
86 6 84
1 49 19
59 65 95
14 51 31
66 76 47
21 28 84
33 15 7
94 94 47
91 53 68
38 13 7
8 73 63
75 83 74
29 78 96
65 72 69
96 14 8
70 17 37
25 68 83
95 4 20
86 26 96
25 50 35
60 71 84
13 13 96
92 13 94
2 7 78
31 66 38
67 6 94
40 92 89
71 0 61
60 65 54
96 15 39
91 22 21
84 87 56
33 29 47
79 2 87
12 36 78
23 52 36
67 96 42
54 31 73
29 92 26
4 5 44
0 92 37
1 83 27
46 42 73
61 43 59
28 91 43
63 89 22
55 16 91
42 80 65
22 17 88
18 67 95
0 58 93
50 79 77
33 6 54
62 94 4
96 28 37
45 91 15
24 90 46
29 62 61
12 52 9
30 65 84
3 92 9
52 67 93
29 84 32
85 68 16
25 11 75
6 12 70
12 83 84
78 5 15
10 94 25
5 1 52
12 88 79
79 61 17
83 35 12
10 42 41
64 17 76
42 51 22
88 39 12
23 88 60
70 64 2
79 45 27
29 76 6
66 77 3
26 55 22
78 37 27
2 93 22
27 79 8
42 71 83
12 53 4
77 13 4
5 42 51
9 78 2
75 94 62
60 68 74
55 32 41
83 49 68
94 7 43
34 28 13
54 12 65
96 11 86
70 27 31
64 93 47
82 23 85
94 82 2
44 20 96
31 64 10
85 88 32
75 10 16
79 59 89
10 11 52
6 39 11
80 59 7
60 95 57
71 43 79
6 21 31
88 80 81
71 5 96
48 14 50
53 50 94
4 90 18
64 91 96
12 34 28
56 46 78
12 46 59
57 63 83
66 63 51
22 61 60
67 41 59
3 46 23
31 48 4
17 38 86
25 55 73
68 35 38
39 8 88
53 62 51
92 74 82
0 3 83
93 23 37
8 83 42
30 4 54
86 92 78
91 83 16
44 18 86
30 57 64
46 69 13
33 92 84
63 78 0
63 91 36
44 3 63
8 20 51
74 94 57
63 80 90
0 4 67
52 12 9
42 22 12
96 93 71
1 2 20
81 84 84
16 19 48
68 60 74
90 29 53
77 83 2
24 94 5
43 60 1
49 34 87
66 48 42
84 92 81
72 61 68
58 20 3
91 79 40
53 31 5
52 68 31
8 4 95
39 48 22
3 63 91
11 85 22
83 29 13
29 96 59
55 50 96
95 12 0
60 61 4
53 70 38
86 94 50
17 3 28
81 86 86
68 87 55
21 27 40
39 94 51
69 14 81
79 79 35
3 88 19
50 72 28
44 25 72
11 49 41
67 5 40
28 62 64
37 62 24
49 5 70
11 63 9
93 9 43
87 60 50
49 29 31
68 91 52
28 17 58
88 20 82
23 16 6
33 58 39
31 8 25
1 95 50
39 3 14
9 40 12
84 2 57
87 52 6
51 96 7
7 41 83
80 28 94
52 62 40
33 2 93
37 16 75
27 6 37
18 26 20
0 90 28
44 41 10
8 96 5
65 92 27
53 43 56
7 20 44
16 35 17
79 96 38
48 66 42
11 64 73
67 57 81
17 95 49
8 13 33
21 78 26
44 84 26
19 69 8
39 38 57
92 91 59
30 11 88
73 59 78
40 29 83
31 90 30
16 34 27
33 4 27
6 5 71
82 42 13
24 73 7
48 22 29
81 20 20
32 17 44
28 32 63
89 92 72
17 32 44
3 34 67
92 20 86
27 88 11
90 25 79
73 65 96
96 26 93
69 68 35
70 53 38
38 17 86
47 83 5
84 71 94
77 43 14
49 91 18
6 28 42
82 81 82
88 21 8
17 46 90
2 89 13
3 64 35
33 53 17
69 11 67
68 5 17
87 64 78
46 61 49
53 85 83
50 86 61
70 62 20
20 84 63
65 8 17
58 60 43
36 9 90
9 83 41
81 53 53
25 93 36
13 58 36
8 77 75
65 22 39
89 95 47
87 78 40
22 81 22
48 11 43
55 87 76
38 31 26
66 61 37
58 14 20
57 31 78
25 96 80
6 62 85
33 56 89
31 3 81
55 3 85
4 11 57
22 92 34
44 80 30
92 65 27
3 91 34
39 39 26
11 70 93
36 47 73
57 59 41
2 1 20
76 95 22
9 89 55
25 90 79
62 57 28
53 16 90
80 88 81
39 18 32
25 81 25
77 15 71
36 34 32
22 43 84
65 66 6
6 17 62
75 67 17
54 21 61
87 3 27
47 22 77
69 32 54
8 5 78
83 53 59
36 41 96
0 5 35
2 37 30
44 17 21
33 25 0
47 27 52
30 90 56
93 41 21
17 26 23
63 85 6
55 28 30
61 17 15
17 30 60
10 44 50
61 74 36
52 23 36
73 5 43
17 96 32
94 15 40
49 59 28
87 76 84
16 31 49
79 32 86
24 26 47
45 8 7
1 52 48
34 53 40
61 2 86
27 60 17
86 73 1
66 40 15
90 3 61
35 38 87
35 9 86
10 23 5
42 56 38
6 85 48
84 38 25
74 96 54
26 27 80
74 11 13
75 22 73
36 52 14
41 59 23
92 56 87
40 21 59
67 32 64
41 5 93
36 2 64
64 92 46
27 7 56
30 72 61
36 60 28
4 18 60
81 47 47
13 11 48
92 85 51
41 75 31
72 8 73
41 94 68
4 12 61
52 71 3
29 27 34
26 19 90
4 89 90
55 9 51
73 89 9
1 78 44
5 29 69
26 2 0
1 46 77
35 36 13
82 12 75
20 86 0
63 93 48
31 47 79
43 30 35
59 62 9
1 4 56
5 23 82
67 56 79
47 49 61
78 23 29
65 0 15
17 24 81
89 85 35
95 93 9
32 49 7
35 23 79
56 13 11
75 84 68
75 56 55
37 15 29
51 39 82
83 6 91
58 55 60
0 84 4
56 38 34
40 95 14
4 86 12
17 13 12
54 2 75
20 52 69
32 63 89
34 2 15
91 86 48
15 0 32
34 72 6
19 54 94
37 89 82
43 39 55
12 29 41
68 14 27
43 51 26
73 49 55
68 19 6
59 96 94
41 52 38
76 29 6
46 67 48
12 66 54
64 2 29
39 32 20
25 39 93
73 43 68
6 95 10
70 20 94
11 16 15
49 36 93
58 18 26
61 4 87
5 26 76
77 2 79
41 62 45
28 89 27
49 18 46
37 91 10
28 29 20
66 91 69
63 35 96
24 24 20
40 65 64
54 59 57
6 15 5
20 28 2
26 73 64
56 63 80
86 7 35
14 54 32
31 37 32
43 37 76
53 56 32
23 38 96
93 44 4
66 13 84
20 35 14
40 90 78
90 62 80
69 96 84
84 80 34
94 56 16
61 81 61
78 3 57
87 27 74
45 0 76
17 75 18
27 12 21
30 92 48
81 14 14
48 82 14
38 5 1
10 36 57
29 47 57
19 0 23
51 46 43
35 91 70
28 22 19
52 44 85
5 69 60
17 53 77
17 42 64
50 18 53
41 84 82
79 14 63
78 46 42
3 32 37
64 29 92
53 24 54
87 61 3
66 23 70
75 72 12
43 3 13
79 30 22
54 48 60
30 75 76
12 75 49
33 80 22
62 0 78
80 21 60
71 3 49
96 50 58
0 40 90
94 89 42
11 2 47
22 79 94
47 50 11
87 4 41
27 20 13
83 78 51
91 34 1
72 95 32
19 38 61
21 58 54
29 46 54
7 29 58
24 62 6
15 89 3
18 16 23
54 49 85
84 59 91
46 10 80
76 18 7
88 1 66
87 55 76
72 29 8
2 62 39
34 18 19
70 84 27
10 86 53
1 59 25
77 23 50
82 39 67
88 69 25
35 26 18
80 62 56
5 88 3
5 43 9
89 72 10
77 1 5
60 26 71
51 28 74
55 94 26
6 35 61
88 64 0
41 78 76
53 68 28
55 84 12
66 64 87
59 88 31
90 87 81
6 76 41
78 60 36
42 78 28
48 91 11
95 26 61
32 39 20
59 51 58
75 1 78
46 75 35
26 20 87
76 8 14
21 15 76
15 30 4
39 88 12
46 40 63
52 30 47
61 23 16
88 65 42
24 41 90
25 62 33
57 25 30
50 11 85
16 5 30
25 27 67
17 37 63
92 24 33
15 50 34
68 43 5
94 23 22
6 70 25
60 17 91
82 71 68
78 18 68
82 65 9
12 96 76
37 43 76
57 43 50
56 89 85
55 35 80
56 9 27
17 14 29
41 22 63
19 9 62
41 92 52
27 46 2
91 88 7
11 15 49
42 90 5
67 58 10
79 16 61
13 35 41
47 39 63
60 40 7
4 78 55
19 22 68
72 73 18
48 95 59
35 75 63
3 27 36
82 69 65
11 75 29
11 29 84
11 73 10
14 56 83
31 54 73
88 17 40
23 40 91
73 0 29
90 30 56
53 80 89
27 11 59
89 84 40
42 94 48
62 15 94
71 34 18
14 5 16
49 81 49
30 55 33
13 76 91
65 29 22
10 28 76
83 70 17
2 35 25
63 32 89
21 92 1
29 82 62
67 80 68
36 51 68
12 86 5
42 43 70
56 77 44
40 56 10
44 27 88
36 20 62
76 47 54
10 59 39
81 73 73
72 41 92
70 68 51
18 40 55
8 34 23
70 51 84
80 8 21
26 59 27
15 1 90
76 35 62
40 43 53
49 78 53
37 79 93
39 63 2
63 49 54
2 79 87
49 69 80
84 64 16
7 0 14
46 94 66
28 26 86
89 8 15
90 81 90
39 82 67
40 79 70
75 70 36
50 21 74
26 83 94
0 88 46
4 70 73
39 12 30
55 55 23
71 91 54
47 19 46
85 33 49
24 10 62
3 96 70
96 1 3
1 72 2
96 41 6
72 3 55
24 31 1
80 49 96
2 83 76
42 87 63
88 84 80
51 55 78
65 88 42
75 3 89
25 76 39
85 46 88
21 32 18
71 10 38
69 78 11
43 46 25
59 67 33
45 69 63
0 77 24
95 18 11
92 90 74
88 49 14
20 63 70
52 19 2
4 60 53
82 54 52
46 23 95
0 59 10
29 39 86
58 6 64
58 95 69
70 0 50
76 0 18
4 46 75
27 49 86
9 20 93
40 22 92
15 48 0
21 34 83
2 26 0
80 55 79
56 34 53
80 65 58
42 27 91
15 18 17
19 81 19
41 41 25
11 87 20
50 12 87
31 17 50
82 17 22
10 1 13
72 39 4
57 80 15
38 82 11
62 27 63
95 73 94
16 62 82
21 35 58
4 4 50
6 18 58
59 17 2
47 48 67
80 85 47
67 49 27
19 63 7
79 38 2
11 95 90
29 93 27
65 73 96
88 82 86
83 51 9
11 41 71
68 16 29
51 77 91
19 59 81
45 70 46
4 28 8
89 40 77
28 3 96
36 31 27
15 14 79
51 50 4
18 90 31
47 62 21
28 15 6
40 54 72
29 65 22
8 76 14
26 29 75
73 38 35
85 24 77
17 25 20
83 8 42
5 10 4
1 5 52
23 35 79
88 62 87
58 31 95
33 70 65
39 79 44
56 87 30
31 0 47
13 55 29
33 27 55
51 40 35
76 63 58
22 18 5
38 70 19
49 11 41
39 15 53
88 74 20
95 57 18
44 37 89
74 43 86
51 3 69
67 28 62
94 28 85
17 69 74
5 9 95
69 10 88
16 16 73
59 57 41
66 86 30
16 33 42
59 68 22
4 92 0
8 19 24
23 33 44
38 3 66
66 26 55
83 83 79
42 69 50
12 71 26
15 25 26
53 28 11
66 78 48
80 11 27
95 33 6
7 8 37
75 9 72
20 89 34
73 11 10
59 9 88
5 35 74
15 93 78
72 47 83
26 61 58
21 1 16
83 36 18
73 72 18
0 16 68
47 68 70
2 51 16
26 3 38
47 70 22
59 42 56
81 68 68
1 24 35
62 43 96
76 13 91
44 69 53
42 83 43
21 33 35
51 53 60
35 25 56
38 46 28
29 64 92
47 80 10
53 13 65
19 65 29
63 42 3
48 44 94
47 47 59
26 15 16
67 65 47
96 82 17
66 59 76
20 48 49
74 78 46
6 24 92
4 40 76
85 14 7
37 6 20
89 34 17
0 0 5
29 32 2
75 90 1
85 41 56
96 22 95
28 95 16
29 67 46
53 67 71
10 40 26
40 33 43
7 69 85
31 89 75
6 79 16
84 60 83
37 74 79
58 90 67
16 94 60
11 14 78
80 5 75
38 39 57
37 40 74
48 65 81
28 86 68
4 61 87
96 27 82
52 10 56
56 22 6
12 45 42
64 34 70
70 38 19
43 12 58
23 4 89
25 6 86
69 18 61
50 46 30
17 71 65
92 30 48
70 90 9
33 18 3
35 37 72
70 40 69
23 73 76
47 35 75
24 11 79
67 20 61
43 7 93
40 94 58
1 30 55
34 35 30
8 60 11
43 13 28
11 13 48
54 39 58
35 56 93
14 71 76
61 60 4
63 70 13
57 83 69
18 74 15
88 10 47
25 77 84
69 90 12
73 1 74
33 3 68
44 16 54
20 65 19
37 2 30
21 23 42
52 32 77
5 96 11
41 13 2
64 56 86
58 73 77
13 77 4
67 67 45
40 37 74
80 48 44
23 6 7
7 58 53
94 29 74
43 95 87
2 4 51
82 56 92
5 13 56
30 83 28
62 12 37
49 60 75
34 90 25
33 37 4
12 35 34
48 72 7
14 39 38
70 94 23
73 69 30
42 30 80
54 40 72
50 74 8
20 72 80
90 60 14
45 6 56
22 49 56
83 44 71
22 83 26
68 93 34
12 72 64
77 19 70
23 3 86
38 29 89
70 37 67
47 57 65
44 68 25
31 19 88
93 79 72
91 24 60
50 5 45
61 76 85
65 68 10
86 1 26
7 28 54
72 90 33
72 35 59
67 93 84
30 58 34
87 24 89
28 52 5
49 56 35
4 15 47
32 71 74
58 86 9
38 40 41
31 32 58
88 73 2
27 51 33
48 43 23
87 48 15
72 43 62
21 18 33
38 21 14
43 83 21
43 33 80
64 49 22
23 56 57
94 53 27
46 53 82
38 88 90
31 62 13
89 39 70
19 76 66
61 79 17
73 78 61
6 60 59
55 8 54
16 27 93
18 77 64
32 51 73
86 25 27
59 54 57
84 47 14
35 68 38
78 17 84
66 80 1
92 78 24
85 23 19
4 75 30
87 83 73
35 76 62
3 68 40
61 91 25
67 92 5
70 21 89
37 66 49
27 36 84
43 14 85
94 88 28
95 68 39
73 90 83
42 53 69
61 61 69
24 36 10
32 75 0
95 94 70
24 60 30
14 61 18
2 82 1
31 96 28
53 34 40
26 84 29
79 90 50
25 8 49
18 63 93
56 85 21
74 52 37
90 46 71
57 81 57
67 95 12
4 22 42
83 57 69
21 40 59
4 65 31
77 32 61
45 46 38
31 21 69
2 32 70
53 61 50
9 52 50
77 20 54
21 45 91
52 13 68
84 82 74
5 87 42
45 92 40
83 69 56
28 7 54
83 91 16
33 45 88
9 36 90
76 44 95
17 78 84
87 93 94
0 85 81
48 47 67
36 22 47
64 78 58
1 54 7
95 20 81
83 94 24
72 20 80
0 62 78
27 39 60
81 39 39
74 66 29
11 32 33
17 45 72
5 78 15
83 68 90
46 7 10
35 84 44
96 23 68
61 1 46
55 79 83
7 7 90
63 23 14
1 55 45
92 55 65
66 41 44
44 19 74
25 17 20
35 89 91
44 4 45
29 63 72
44 90 62
1 71 88
67 54 19
91 4 77
60 25 77
95 81 95
80 22 24
25 48 95
66 90 32
70 42 59
38 12 73
12 68 77
87 18 4
25 61 47
26 8 12
34 87 95
60 88 21
34 23 48
2 45 5
14 2 65
14 17 29
75 64 44
37 4 5
48 6 66
57 87 71
77 47 1
86 11 28
54 73 67
22 23 30
9 6 79
0 36 54
51 94 63
60 14 5
74 63 11
42 40 0
53 78 92
95 39 64
91 75 22
60 4 53
33 24 86
76 75 21
68 39 87
56 3 65
49 22 56
55 7 89
56 83 15
82 1 36
41 64 55
84 16 11
39 72 4
4 87 41
35 18 78
61 84 1
27 72 76
96 95 44
68 72 71
95 76 22
32 19 69
50 13 89
53 75 39
8 55 54
89 22 54
55 58 60
9 65 36
70 77 86
52 11 12
69 56 24
41 56 54
27 24 12
14 92 47
25 9 66
89 81 89
96 5 11
7 45 57
27 54 4
70 25 5
88 32 51
68 67 54
38 92 63
39 86 75
87 57 71
87 0 52
30 78 10
30 44 13
74 86 64
33 16 42
60 66 16
66 32 71
62 2 39
46 37 9
3 44 63
79 78 9
29 69 17
76 28 31
89 43 95
0 29 43
91 80 61
29 16 81
30 7 27
95 91 75
17 10 36
10 66 18
63 61 29
19 56 42
18 45 12
12 4 61
64 11 73
58 91 89
75 93 80
74 64 71
9 32 25
33 83 30
18 31 54
0 22 11
26 14 57
11 8 89
76 83 87
93 94 17
70 31 96
29 86 87
72 24 45
93 59 82
16 52 55
52 25 16
46 14 84
25 53 78
29 75 37
37 84 0
9 45 71
0 31 47
96 42 20
65 39 83
64 85 80
79 69 15
70 63 13
78 92 24
30 40 21
31 35 64
51 83 9
18 30 82
88 71 39
13 53 65
25 20 65
64 82 12
21 29 28
41 33 74
31 43 57
16 9 35
2 60 90
92 46 69
34 44 36
43 78 22
8 14 19
91 52 23
71 40 42
48 55 84
28 90 15
67 10 70
31 25 29
22 48 29
58 37 57
8 54 91
4 63 94
1 42 6
42 85 52
69 1 49
62 30 59
33 76 46
43 41 24
9 21 24
78 85 62
16 95 74
26 30 19
21 94 34
75 29 37
7 53 67
41 28 67
89 7 68
70 76 3
68 37 48
40 91 73
40 5 28
88 95 56
2 3 45
73 75 92
64 16 50
73 28 53
95 14 35
50 77 55
58 51 52
56 72 51
9 54 28
59 14 71
38 45 82
41 9 73
31 36 27
45 10 29
3 7 84
92 36 30
33 36 85
81 32 32
16 93 14
57 3 43
16 87 86
52 34 86
43 85 29
3 13 62
70 29 80
81 12 12
61 0 96
17 54 53
0 32 88
40 27 46
66 43 7
19 1 22
41 24 90
31 95 19
7 78 23
41 3 15
12 17 27
11 59 87
66 45 31
43 2 67
89 66 73
42 3 29
30 87 31
66 3 22
92 51 36
21 80 60
73 91 86
78 48 85
41 82 37
11 24 79
91 15 20
72 32 60
62 20 92
87 69 33
62 65 38
56 42 38
31 77 94
61 29 79
76 11 5
5 61 22
42 70 59
35 55 80
37 28 91
70 11 93
59 59 74
76 76 12
26 74 62
65 41 18
72 57 13
73 20 21
61 22 60
11 22 55
56 2 71
65 71 35
70 69 75
90 22 37
68 44 25
73 67 88
57 8 90
37 58 57
57 54 68
16 21 53
84 62 95
59 37 85
53 11 76
32 85 15
1 3 24
21 69 77
37 64 3
24 51 49
61 93 63
1 29 39
34 84 22
83 14 67
83 64 89
65 53 37
44 1 58
54 10 51
37 96 34
79 8 43
46 81 46
86 45 22
94 49 37
24 66 83
55 68 49
23 2 38
49 57 79
0 28 66
33 90 69
24 85 77
10 16 22
44 32 75
96 10 1
2 67 92
41 17 34
41 79 19
56 16 20
8 24 48
45 54 89
76 51 40
68 68 43
46 5 83
77 7 13
52 21 30
45 76 20
35 86 47
41 35 85
24 81 24
24 49 95
10 43 32
30 46 40
73 95 94
7 86 35
74 62 88
4 21 72
23 54 1
52 24 74
8 72 73
12 11 8
3 84 75
12 63 50
10 37 81
61 67 52
72 31 3
68 7 24
88 13 18
71 65 35
93 77 28
80 96 77
38 84 25
64 1 62
48 29 19
67 39 77
78 57 66
49 71 25
65 59 95
10 0 84
60 63 10
95 89 47
10 20 6
24 45 80
15 64 85
77 18 64
58 49 74
45 37 90
94 14 69
39 30 52
25 34 46
33 60 48
59 69 32
13 18 49
25 36 6
21 10 19
87 67 58
46 28 61
42 48 88
63 26 56
67 66 78
85 19 37
58 17 16
4 41 79
83 20 10
41 65 18
22 6 43
76 57 44
58 62 76
89 70 76
90 75 1
87 68 55
84 41 82
7 88 59
7 9 81
63 34 76
48 90 87
38 37 71
68 82 61
62 4 86
63 68 8
20 42 9
22 69 4
14 27 41
37 19 21
73 71 72
38 10 54
86 4 12
73 26 64
23 63 14
94 95 70
8 40 31
5 48 63
20 90 11
62 3 42
86 12 5
48 34 26
10 58 82
33 31 61
87 14 60
46 68 44
51 72 21
31 55 72
61 56 75
38 78 4
27 50 47
13 89 58
88 70 16
36 15 70
93 78 8
77 17 85
80 63 90
63 3 91
84 50 73
5 45 18
89 31 75
36 42 34
79 88 55
7 34 66
41 95 43
70 61 56
33 28 9
47 29 57
24 78 63
58 67 10
22 2 31
47 2 27
45 24 80
45 9 71
86 55 19
0 12 7
23 19 41
70 58 91
32 22 49
41 1 30
9 23 78
75 41 31
43 69 38
2 80 73
93 7 20
34 16 27
21 31 69
20 75 91
26 40 60
45 71 58
3 69 21
95 86 92
33 19 67
56 78 45
27 84 65
25 60 77
69 75 23
22 52 20
44 2 37
54 53 62
44 36 19
61 19 34
34 34 24
33 51 10
79 50 77
10 21 19
28 25 59
23 0 72
10 79 74
90 86 16
94 83 24
16 77 41
1 53 73
35 60 55
49 90 43
93 70 49
32 53 23
1 90 85
95 61 67
69 45 63
21 52 30
89 48 61
8 70 53
25 67 23
59 78 60
53 4 63
25 35 56
20 95 81
28 70 60
94 36 20
80 19 3
19 21 52
5 72 79
30 35 94
87 79 25
5 68 17
86 36 77
24 27 12
60 64 72
51 1 71
70 81 70
12 50 87
90 89 24
28 96 37
86 3 93
42 55 8
35 67 90
30 8 79
7 85 12
40 9 12
93 15 78
15 66 63
0 89 74
12 32 82
58 52 94
15 63 35
15 61 74
1 18 84
47 1 18
92 79 58
12 48 33
51 45 44
28 66 88
7 80 91
67 31 34
68 30 69
52 43 33
96 6 29
39 23 84
52 39 19
53 63 33
89 78 88
9 68 89
2 23 38
18 49 46
19 66 33
93 75 80
48 61 27
0 34 16
34 32 10
29 2 4
6 30 8
0 67 44
49 8 3
77 85 66
5 15 88
17 65 4
60 13 24
11 80 27
94 45 79
69 57 26
38 91 51
95 90 34
85 6 48
22 50 93
56 31 9
38 47 45
8 78 30
7 23 64
2 91 41
51 2 16
48 40 1
8 32 94
4 77 78
92 58 42
64 32 81
6 91 2
75 27 51
27 34 58
91 77 9
65 89 46
4 76 9
76 6 41
73 37 26
84 91 66
17 52 80
83 81 83
73 68 81
67 61 52
90 12 2
79 5 10
93 76 26
27 26 80
66 15 63
54 76 74
40 16 25
37 90 39
65 45 16
28 37 91
0 25 13
42 52 71
55 46 93
19 74 59
85 73 27
83 39 34
85 54 36
27 2 10
36 26 5
34 75 50
26 0 45
85 69 43
71 20 50
76 45 20
3 77 11
67 38 21
77 40 32
69 39 31
73 76 48
3 48 74
61 9 84
2 29 4
34 71 18
21 43 66
37 80 46
88 91 7
24 23 26
38 80 76
49 28 69
69 70 75
8 57 90
10 63 17
18 32 38
82 52 25
9 0 60
7 17 73
43 96 10
57 48 46
16 11 15
89 82 84
39 46 7
67 19 89
50 47 11
37 83 95
64 69 19
28 18 47
96 47 66
0 78 65
56 39 0
72 0 82
5 82 59
54 74 41
28 35 24
9 88 13
11 27 59
1 58 17
43 27 16
42 6 46
79 94 36
5 36 25
83 13 78
26 79 24
54 7 15
31 33 61
4 58 59
69 67 83
74 84 90
5 79 10
8 21 70
15 46 51
91 58 89
40 2 19
33 71 13
45 64 25
24 28 3
13 39 85
92 52 22
38 25 12
42 86 18
50 36 0
36 3 76
18 89 65
54 44 23
87 10 21
46 32 92
56 70 74
42 26 84
62 1 67
19 78 73
84 52 41
35 92 23
60 67 20
85 62 8
73 62 71
16 91 87
21 91 0
20 39 68
9 2 40
67 47 16
71 8 81
45 1 59
44 12 22
78 49 53
51 37 54
2 95 28
41 38 16
39 29 86
22 91 21
64 27 57
0 44 40
8 46 87
91 40 73
23 62 73
9 26 63
25 94 7
72 17 96
57 22 7
19 84 5
85 89 35
13 19 87
0 35 89
17 83 66
64 76 13
3 11 26
93 80 31
12 38 73
74 7 30
93 2 22
39 43 55
9 17 39
88 12 79
38 55 50
75 96 27
50 51 4
9 84 3
1 26 79
42 32 24
84 94 13
0 1 87
32 45 30
64 9 23
62 84 95
0 27 73
14 83 67
63 48 77
24 14 56
51 14 31
25 38 12
71 88 39
50 95 71
74 85 89
96 77 23
70 48 54
32 82 95
8 87 67
58 69 73
0 14 34
8 2 74
84 14 96
64 87 78
57 70 10
82 86 46
56 68 12
44 14 2
15 4 47
73 84 15
67 75 17
90 61 51
78 7 23
73 73 34
31 31 82
88 81 88
34 81 34
42 64 15
23 27 45
47 54 29
6 26 21
83 26 94
1 45 59
2 63 60
33 66 60
8 25 49
32 2 70
41 80 86
82 19 93
51 63 53
33 49 62
1 33 23
28 21 84
79 77 76
95 75 79
42 42 61
21 87 68
66 96 19
4 35 40
89 24 43
93 87 94
60 72 15
86 46 58
77 55 38
30 54 83
49 88 14
14 52 95
67 51 0
33 21 35
12 19 47
10 64 34
71 49 25
34 70 42
17 33 92
43 87 49
24 67 15
17 70 37
64 21 95
69 12 93
7 13 88
79 47 20
68 36 46
71 45 58
94 33 19
22 63 69
61 47 28
50 92 67
22 15 91
28 49 69
16 63 18
24 82 76
24 19 50
17 66 93
34 12 28
72 48 7
58 71 48
25 84 37
81 56 56
31 69 51
22 84 52
81 5 5
47 74 6
39 16 1
40 93 67
64 19 83
80 81 80
88 24 22
94 19 96
43 32 36
70 15 14
54 16 46
89 23 59
73 85 27
70 50 32
7 39 17
47 20 89
8 71 81
38 8 10
46 72 86
88 22 33
50 2 81
29 9 38
21 89 93
95 84 53
4 20 71
78 71 5
44 39 24
96 4 52
96 69 84
52 72 54
49 79 90
86 60 51
5 20 7
89 52 92
84 44 26
29 6 23
50 16 51
7 92 31
46 52 27
81 34 34
33 74 76
81 70 70
65 62 38
52 61 83
31 70 96
59 84 91
20 21 32
96 79 38
68 46 44
26 94 82
25 14 88
65 52 28
24 89 43
80 9 19
8 68 82
4 95 20
93 25 36
45 65 16
72 10 35
9 55 51
44 40 8
3 82 31
56 95 29
61 55 40
96 60 67
26 6 21
76 52 4
78 53 92
72 9 65
96 78 89
62 36 91
33 39 18
9 66 34
20 13 15
32 36 50
81 54 54
88 48 35
49 95 48
95 44 7
18 64 21
88 5 3
47 53 35
22 56 6
89 60 31
56 5 58
93 42 87
0 42 57
82 47 53
55 22 28
19 16 48
59 94 54
38 53 24
51 27 33
75 44 38
94 16 60
88 33 34
88 67 75
17 67 13
79 57 56
46 77 22
21 88 8
51 25 17
85 47 31
8 12 92
0 69 9
34 45 92
77 27 20
12 6 70
29 73 16
55 39 48
47 60 19
86 0 55
12 27 21
28 92 39
26 41 49
62 23 73
82 96 17
81 29 29
19 33 67
39 69 31
39 68 87
37 14 80
28 81 28
45 66 31
66 2 82
60 8 11
83 76 87
13 62 70
57 52 61
48 51 3
9 90 7
16 90 13
28 83 22
82 3 31
17 92 6
36 71 86
49 15 12
55 62 25
61 66 37
94 44 41
46 31 85
32 64 81
24 84 78
70 79 66
66 24 83
48 32 5
80 93 31
93 92 57
8 16 72
45 50 3
69 62 22
38 65 67
29 7 58
61 64 77
37 17 63
60 83 58
88 50 68
10 76 43
35 52 51
5 90 66
63 62 81
66 69 14
2 72 94
57 36 16
91 21 0
49 67 27
66 29 12
78 63 0
85 5 0
67 22 57
74 83 14
11 88 70
64 38 18
60 78 36
47 7 39
19 61 34
88 36 26
46 11 50
22 9 67
52 89 92
18 95 11
4 9 83
3 93 88
67 36 37
16 65 59
82 31 83
13 22 75
2 24 59
33 41 74
56 36 61
71 14 76
92 9 18
57 1 63
59 89 67
16 48 45
44 55 34
51 6 83
63 66 51
23 44 39
45 88 17
65 65 1
71 59 17
51 43 26
1 69 49
56 65 76
43 8 61
49 6 36
56 10 23
80 29 51
25 12 15
95 88 56
92 60 8
15 69 36
31 13 43
46 56 78
79 65 60
76 62 34
87 95 26
57 42 96
8 86 36
84 27 65
18 21 33
52 77 89
71 82 68
67 17 13
29 90 53
84 25 37
88 38 90
70 72 90
52 80 78
91 19 84
4 51 81
55 53 0
57 41 1
33 5 50
59 26 27
30 0 17
83 37 95
83 41 32
12 43 58
84 45 43
20 45 52
36 92 30
82 50 66
75 91 22
85 94 38
62 75 58
39 22 13
10 46 80
18 41 50
34 25 46
49 0 33
10 51 93
19 49 4
60 43 1
34 74 38
77 94 0
9 31 92
66 60 16
54 8 91
55 19 32
55 44 34
51 30 75
14 13 46
4 71 1
26 60 71
55 38 50
56 44 59
33 43 80
78 59 60
19 80 3
51 64 88
64 64 67
72 63 34
69 53 41
17 44 21
32 76 17
27 59 62
80 46 0
27 32 22
57 66 74
15 45 68
21 68 20
27 25 67
35 43 60
16 37 75
65 96 74
71 2 95
53 90 22
94 62 4
42 75 32
55 85 86
74 22 25
62 14 23
63 13 31
30 43 35
83 23 55
69 85 43
40 81 40
75 73 92
47 46 81
40 19 39
11 50 85
42 84 58
17 76 82
37 42 2
61 95 67
40 77 32
26 82 77
93 27 77
86 14 89
25 41 11
32 16 84
93 38 30
54 96 47
28 23 33
6 88 89
63 65 5
33 95 6
86 81 86
76 85 45
94 70 23
66 36 79
20 36 62
44 91 27
74 89 33
21 73 90
31 81 31
20 53 84
36 56 61
23 11 17
74 90 27
74 3 7
95 27 38
53 64 74
82 67 91
24 48 51
9 76 61
64 46 5
96 59 94
85 17 30
15 33 7
41 48 47
32 95 21
49 50 65
78 2 91
56 8 50
87 21 68
1 57 63
56 96 48
48 77 57
77 34 56
14 33 87
30 19 63
48 15 0
15 47 58
8 95 2
88 76 38
52 81 52
27 17 0
58 25 2
53 26 1
44 56 59
48 86 10
56 26 91
77 44 15
25 47 43
60 34 35
41 87 17
37 51 54
95 50 71
37 61 14
31 80 59
92 62 77
10 13 37
28 58 44
70 16 57
51 34 47
80 72 53
44 6 1
70 30 92
11 26 81
74 53 34
70 32 34
51 60 18
22 8 35
87 56 30
13 33 5
95 85 60
59 53 75
42 72 25
63 20 70
20 51 95
62 24 6
58 81 58
81 60 60
14 88 10
55 83 81
28 30 41
63 63 27
71 62 0
75 66 52
49 51 59
86 69 42
37 18 66
32 74 53
42 31 62
80 15 93
54 90 82
49 89 26
14 47 91
19 55 32
58 15 62
50 55 96
24 53 54
67 18 95
54 79 42
15 56 18
28 33 9
20 61 26
79 74 67
4 73 32
67 74 66
56 11 63
41 29 77
68 50 92
53 74 34
69 87 33
70 87 82
58 59 72
80 56 95
93 16 14
23 43 8
68 57 80
30 25 53
79 12 48
75 0 48
17 93 68
17 35 1
11 72 38
71 69 59
84 43 88
14 79 63
40 42 0
78 32 87
55 12 35
29 23 18
93 63 48
96 48 73
12 9 85
0 46 3
82 63 16
9 82 15
35 39 33
74 29 95
4 48 17
91 54 93
25 70 5
15 91 20
47 28 38
43 10 32
55 92 65
84 1 21
70 33 65
65 85 78
80 42 65
84 74 90
11 79 1
77 41 40
25 2 48
22 34 78
40 14 36
85 27 24
67 0 44
79 43 65
94 42 48
36 4 92
61 28 92
75 68 45
56 79 37
93 8 76
63 44 87
53 30 66
18 37 66
44 92 35
38 79 2
37 85 92
12 90 2
22 29 10
64 66 87
19 67 89
79 87 25
10 19 0
4 43 46
61 48 27
75 21 86
66 27 53
43 4 46
84 72 89
34 7 66
25 32 45
53 92 95
77 37 33
32 9 25
45 89 62
58 56 25
71 1 88
60 41 29
88 4 64
85 25 54
20 62 92
88 87 77
86 20 0
43 24 34
38 28 93
82 28 50
15 8 38
63 4 94
59 92 93
19 79 85
87 45 10
77 53 36
62 72 29
91 6 2
22 94 3
79 81 79
65 21 45
95 5 55
17 0 38
53 57 9
59 85 79
73 18 6
42 12 60
30 84 36
44 24 32
45 77 47
76 21 49
79 70 66
9 49 64
50 76 83
73 23 76
38 19 61
28 87 0
58 33 39
4 23 89
28 56 4
3 23 86
88 25 76
56 75 55
4 59 49
80 50 2
16 54 46
13 46 8
84 75 68
20 70 94
39 35 33
48 9 82
4 93 10
9 7 81
9 71 10
12 20 67
44 29 3
85 60 9
69 13 66
45 83 1
82 49 40
2 25 48
21 76 49
34 51 47
55 52 18
52 45 84
41 43 24
64 70 2
43 61 59
16 81 16
65 50 14
34 48 26
68 41 7
23 68 63
10 9 46
28 51 74
54 88 45
11 6 69
32 65 52
77 79 76
25 26 89
40 30 21
27 58 66
13 73 40
18 79 29
37 0 19
23 21 42
25 92 38
2 44 37
61 80 66
90 26 95
50 0 26
4 36 92
85 90 40
65 27 61
62 42 90
38 74 42
41 71 75
20 16 28
44 8 55
0 18 8
15 96 39
25 3 8
12 87 69
7 63 26
87 17 47
64 44 17
83 47 5
68 86 91
22 65 39
59 22 1
43 59 15
17 59 2
29 34 85
27 13 44
71 61 43
80 91 61
90 92 74
50 1 82
8 39 88
38 26 72
32 96 91
10 22 87
78 35 32
78 51 77
70 70 15
21 95 73
32 31 58
47 40 30
5 76 8
75 12 49
15 72 9
80 12 39
47 76 54
68 6 18
38 61 32
55 15 56
76 3 1
21 5 41
10 67 70
61 6 73
15 82 60
24 47 87
44 31 16
75 5 6
82 37 58
35 8 65
59 38 36
0 19 23
87 41 17
68 84 2
49 16 52
49 93 39
66 17 93
46 29 54
38 86 70
39 33 18
32 0 88
13 49 0
63 24 37
7 30 27
3 20 59
45 11 0
53 77 36
55 77 38
86 75 59
82 14 6
34 43 81
67 50 43
31 72 3
3 50 17
23 79 81
90 50 60
3 90 61
94 96 46
11 74 13
0 54 25
75 31 84
68 75 45
7 22 8
69 8 96
79 58 23
82 57 21
5 8 78
73 56 28
59 21 37
19 57 54
83 52 29
1 34 60
4 54 37
57 20 60
53 81 53
28 63 57
84 12 71
24 35 29
67 63 1
41 18 50
1 38 47
60 44 12
91 12 17
60 80 23
83 48 39
54 56 96
56 23 57
28 77 46
39 31 6
1 19 22
22 55 28
72 13 42
56 14 83
9 27 30
43 40 53
82 68 61
32 44 75
51 78 77
47 79 20
53 84 6
86 57 8
30 22 32
43 76 63
31 91 63
55 96 90
55 48 84
10 12 63
66 71 92
57 18 40
62 19 27
23 9 78
17 31 50
40 36 23
4 91 77
27 28 83
10 5 4
24 42 39
6 50 13
31 53 5
86 29 87
77 69 34
2 2 80
31 26 11
80 61 66
15 53 19
78 50 7
33 12 94
32 70 34
48 21 55
55 10 20
66 34 21
28 65 48
32 4 80
44 70 43
34 60 35
23 51 13
58 24 28
24 38 0
16 1 95
52 36 14
29 26 75
10 87 21
28 85 90
37 9 8
6 72 14
13 95 27
46 58 15
34 83 44
72 67 39
62 31 13
74 0 39
69 23 62
55 75 10
89 20 34
13 21 22
92 42 11
40 28 65
89 45 62
33 42 79
41 73 66
40 84 45
71 30 78
48 71 24
78 69 11
86 79 3
39 54 58
15 44 64
54 52 34
45 5 18
49 20 17
73 14 58
3 21 78
14 75 70
76 39 15
48 73 37
94 5 87
81 9 9
19 70 44
31 58 95
24 63 37
71 89 11
84 35 44
68 54 3
55 82 3
70 66 95
80 69 37
69 71 59
15 16 10
70 28 60
12 31 89
19 31 88
19 86 15
82 36 87
83 25 62
47 14 91
9 64 23
40 23 91
77 59 18
3 0 83
74 24 69
53 87 29
24 30 85
91 59 90
22 90 37
86 89 80
2 48 69
90 31 30
4 72 74
39 81 39
79 13 51
15 34 59
68 81 68
88 93 15
72 82 81
88 78 52
47 26 2
5 3 53
4 67 26
60 35 55
21 30 12
78 96 89
80 18 13
58 13 36
32 6 35
70 36 81
36 40 23
20 60 85
24 12 13
38 83 77
55 6 4
40 4 76
64 35 6
81 25 25
82 76 27
94 37 61
80 4 16
10 26 73
81 30 30
79 64 7
70 88 16
71 37 7
4 33 27
18 76 7
52 53 43
28 36 82
46 86 58
58 42 1
66 37 49
67 40 18
94 91 92
42 41 94
83 43 21
92 35 23
41 55 9
40 96 51
5 77 27
41 50 91
71 12 26
23 57 25
70 19 44
30 20 77
61 24 23
13 26 74
89 0 74
14 70 52
16 43 0
76 90 55
15 31 41
40 0 90
41 70 39
11 37 68
72 42 25
88 79 55
90 70 9
30 77 93
18 11 35
13 40 79
39 58 35
29 95 1
85 57 42
82 13 57
96 31 28
14 73 58
31 38 26
36 73 4
36 53 8
52 90 0
23 74 10
54 71 55
38 42 75
2 57 34
17 88 40
35 16 17
8 53 57
77 4 78
53 47 35
15 10 55
27 45 64
11 3 26
26 9 63
51 85 57
4 94 21
72 93 19
6 57 3
76 16 19
12 49 38
78 19 73
11 84 42
80 44 30
67 44 76
20 43 41
67 24 15
82 18 73
12 60 81
20 81 20
93 30 16
58 66 40
37 13 1
11 67 51
45 82 24
94 55 26
29 10 15
89 46 20
50 82 66
19 28 49
9 85 69
65 24 71
95 51 8
73 2 84
83 63 49
25 71 31
5 30 38
76 77 80
82 9 15
56 59 19
96 94 46
29 8 71
72 62 29
17 81 17
73 17 5
71 56 64
2 46 26
94 4 21
75 4 30
44 7 11
3 66 22
84 93 59
34 39 94
85 63 6
29 74 95
29 50 64
25 73 44
9 73 17
31 41 60
40 80 17
94 51 63
46 15 51
92 28 39
75 61 24
3 30 90
61 8 0
86 39 75
42 5 51
31 67 34
63 6 24
22 86 90
51 90 89
83 95 93
34 4 11
55 81 55
84 49 77
46 24 11
76 17 82
95 78 54
21 85 13
38 71 15
13 81 13
85 56 21
90 64 94
6 58 64
48 50 25
61 96 9
4 88 64
70 8 53
75 42 32
84 85 10
73 92 50
32 5 46
16 96 78
26 87 59
96 72 30
70 82 28
39 37 59
61 65 89
71 67 87
83 84 48
65 81 65
84 55 12
34 6 45
59 24 8
14 50 42
88 43 54
27 14 41
49 17 51
35 81 35
52 46 27
95 41 43
83 30 28
36 64 43
86 48 10
50 54 5
24 37 70
10 2 42
27 40 46
13 44 82
89 55 64
73 25 44
77 77 83
92 32 29
86 68 91
0 7 14
9 18 96
10 35 67
64 20 39
52 70 79
79 52 13
35 61 11
12 89 16
13 3 62
36 35 13
77 60 68
23 34 48
35 54 21
51 8 28
39 91 45
90 14 54
64 22 27
87 92 96
62 47 21
21 53 15
63 76 58
63 56 80
62 88 87
88 8 1
20 12 67
89 61 2
77 54 10
11 39 21
13 94 14
42 65 66
44 54 23
55 63 67
90 7 36
28 54 79
77 31 94
22 3 50
20 76 42
63 0 71
76 33 46
15 15 52
68 48 76
33 10 77
47 91 71
8 43 61
72 21 57
9 38 91
92 12 55
7 52 60
67 23 74
56 57 94
69 38 39
79 33 28
51 26 67
8 48 58
64 72 20
37 76 28
24 72 45
31 6 67
63 25 55
61 89 2
3 29 25
54 19 94
69 37 18
42 24 39
38 16 9
83 38 77
36 18 74
61 75 24
25 85 54
26 31 11
91 29 55
92 92 54
10 93 79
66 5 24
71 79 30
4 26 43
74 77 43
6 81 6
9 61 84
94 54 12
1 84 21
21 12 88
56 73 28
94 10 25
43 90 20
63 88 74
45 93 50
54 85 36
40 18 55
96 29 59
31 30 70
36 14 15
46 30 40
35 66 27
95 67 12
84 20 63
74 40 24
82 43 78
55 86 19
96 17 32
72 70 90
45 28 55
65 76 68
66 30 58
91 7 38
32 32 57
3 60 41
52 66 35
47 73 42
64 23 53
50 90 60
7 65 72
36 58 22
59 1 25
49 43 47
20 25 65
10 56 23
27 61 72
87 70 82
26 21 39
17 60 91
59 73 78
38 1 47
20 50 1
77 81 77
54 26 35
39 93 89
16 14 24
71 50 56
34 13 3
49 14 1
26 89 8
7 46 10
2 70 85
37 77 33
49 4 24
3 35 20
17 2 3
72 79 0
62 60 2
18 93 45
12 67 96
47 65 41
18 46 1
36 16 88
56 58 25
20 44 96
67 34 2
66 95 68
7 40 2
64 77 52
90 15 48
62 74 88
90 21 10
88 23 60
22 68 15
36 67 37
24 13 67
52 28 5
18 86 2
59 87 13
63 2 60
30 68 69
31 44 16
12 55 35
43 62 96
2 43 67
73 51 70
23 39 84
26 12 52
55 67 14
76 64 13
68 73 81
57 37 36
6 71 27
51 42 22
51 67 0
24 79 18
20 14 40
40 41 84
38 52 64
96 64 24
11 55 66
20 66 36
23 61 16
82 90 70
37 30 6
56 25 22
47 96 66
90 95 34
12 13 32
87 49 23
53 36 8
72 60 15
78 67 31
56 12 46
14 89 30
20 59 48
24 95 17
15 77 71
14 22 62
17 51 48
40 64 38
54 18 39
86 23 32
81 77 77
58 58 21
31 39 6
91 63 36
7 56 3
92 16 64
23 75 20
32 87 66
89 73 9
5 18 62
56 55 69
71 44 52
28 84 18
58 78 18
18 70 83
12 26 52
86 77 17
29 40 83
88 63 74
0 73 29
79 76 73
25 46 18
56 66 67
39 85 74
11 44 92
94 39 51
96 83 50
38 34 69
66 72 50
27 66 53
31 4 14
1 44 58
40 17 56
36 80 29
12 40 11
82 22 38
34 15 59
47 10 7
29 41 77
80 38 76
44 96 57
25 86 27
41 88 78
57 85 42
70 57 10
23 25 87
36 59 42
59 82 35
23 49 67
3 70 30
69 66 14
80 89 6
20 9 93
36 72 1
78 6 81
54 35 21
95 56 29
18 4 60
2 87 12
74 48 96
8 10 9
80 14 49
25 82 42
74 4 28
66 65 6
11 0 2
59 90 26
0 38 94
66 16 56
80 3 5
30 70 92
65 44 80
84 18 9
86 47 72
95 25 24
93 12 53
14 44 2
91 67 24
25 88 76
29 49 31
93 71 6
24 2 59
67 37 35
61 36 55
91 84 66
81 46 46
66 50 86
54 61 31
79 23 81
39 41 5
14 16 24
16 8 72
38 22 46
52 75 15
64 10 34
34 95 89
10 41 72
36 93 11
82 82 0
0 64 75
38 57 48
66 52 35
71 52 3
79 71 30
87 84 56
66 56 67
44 72 91
83 40 61
36 76 89
47 6 44
39 89 70
88 59 31
81 78 78
54 68 3
89 12 16
10 38 54
66 82 26
7 74 30
52 33 82
64 3 35
92 10 85
65 36 33
39 52 19
67 64 30
67 15 80
5 49 70
49 54 85
87 89 51
16 0 68
85 36 2
34 68 73
74 67 66
77 28 46
57 92 2
58 64 31
0 23 72
85 31 55
93 13 54
86 59 83
13 54 71
92 45 40
88 42 27
22 4 42
53 52 43
93 83 46
81 81 81
11 9 44
50 40 9
34 88 84
46 91 14
34 69 0
4 81 4
31 46 85
71 64 66
37 37 13
23 80 83
91 56 5
59 81 59
28 11 23
86 93 60
85 9 69
86 72 88
7 66 25
23 41 51
54 0 25
89 16 38
32 12 82
94 61 88
47 4 34
82 38 11
34 47 49
15 2 33
58 45 70
75 8 41
51 4 81
76 50 83
8 44 55
2 69 44
10 27 78
46 59 47
63 28 57
82 61 30
68 83 90
82 84 74
32 80 85
24 43 34
56 76 33
95 45 96
62 35 15
58 12 83
41 27 28
16 24 58
9 74 31
23 42 54
82 2 1
57 39 72
70 89 76
45 67 9
95 47 23
16 82 71
46 21 62
66 12 54
70 55 61
23 31 46
29 58 24
56 29 66
17 18 79
8 79 43
82 73 8
48 16 45
74 56 81
35 72 59
67 43 3
86 27 94
75 50 54
94 84 13
73 63 23
86 30 49
74 68 1
92 84 81
84 0 4
30 32 67
14 91 94
71 63 73
19 75 53
28 46 61
63 90 42
62 59 9
57 30 64
71 76 93
47 85 31
29 24 14
48 69 72
70 80 11
56 54 96
0 61 96
17 85 30
27 9 30
42 74 19
69 0 9
81 24 24
28 44 78
94 9 49
49 68 42
71 4 1
31 71 40
60 60 42
21 37 87
29 85 73
87 86 45
67 85 4
0 55 31
32 58 78
43 64 37
63 11 9
13 65 26
18 28 47
20 71 50
25 74 58
44 9 20
54 93 2
34 42 55
31 12 89
8 59 69
69 89 86
21 74 85
44 34 36
71 85 63
50 4 29
18 7 92
48 42 88
20 17 24
95 13 27
0 2 36
83 33 30
0 71 61
46 51 43
49 80 96
86 44 14
11 17 46
52 94 75
85 38 17
28 57 89
58 9 29
65 17 4
71 39 36
66 25 10
62 69 22
87 34 95
37 10 81
25 21 96
61 90 51
47 36 73
92 11 16
31 23 46
80 20 74
63 64 28
22 13 75
80 87 62
33 30 51
32 60 13
6 16 76
28 27 83
85 34 14
57 11 14
67 1 41
35 44 28
39 71 36
72 88 95
23 48 12
62 51 66
75 52 15
30 76 72
14 46 84
44 86 14
70 10 24
89 42 37
57 72 13
74 79 67
61 42 53
22 46 70
69 25 28
80 78 41
22 7 8
54 50 5
55 0 31
0 82 79
44 75 38
4 10 33
16 26 92
9 44 20
62 92 77
20 29 56
11 96 86
70 22 58
38 66 85
21 21 11
23 14 75
18 24 75
23 10 5
17 49 51
18 0 8
16 76 19
90 39 73
26 66 55
12 33 94
91 90 29
8 33 83
8 74 32
52 57 61
27 73 14
49 46 34
50 69 48
75 11 29
6 48 66
88 34 84
38 30 95
90 58 67
40 49 29
69 43 38
11 21 6
69 65 2
40 83 61
10 54 51
74 75 61
78 14 72
35 71 22
70 9 48
3 4 48
67 86 7
2 90 23
80 2 73
44 65 80
79 26 24
21 66 4
68 3 40
82 88 86
30 63 62
96 43 10
56 88 62
13 1 34
20 73 21
28 75 87
72 78 43
29 70 80
87 59 13
40 50 9
3 14 4
27 62 63
3 3 72
3 83 82
10 89 44
0 6 63
5 84 67
68 42 47
34 58 12
77 45 47
6 8 93
34 63 76
40 89 77
51 0 92
19 96 16
93 86 60
28 82 50
49 25 81
94 41 68
30 66 58
7 68 24
73 66 20
35 40 66
86 90 16
71 35 22
59 39 40
1 0 87
6 11 69
72 28 70
85 15 65
57 47 65
50 24 31
30 59 11
21 7 46
57 91 82
59 25 51
54 47 29
17 28 58
51 49 59
54 1 7
62 33 53
87 72 36
92 77 49
76 69 71
27 69 68
54 51 30
4 80 16
85 92 51
5 2 54
30 53 66
18 13 49
4 17 25
78 45 34
65 1 40
91 91 76
83 79 80
1 20 29
18 88 94
23 47 3
81 0 0
76 86 11
69 58 73
71 47 90
20 24 25
50 10 27
94 72 11
25 51 17
8 15 38
61 68 78
74 65 3
56 61 75
88 44 48
15 94 40
74 27 9
50 42 10
53 95 85
89 1 57
27 44 88
23 23 58
22 40 92
3 54 18
11 78 39
89 57 19
69 33 64
61 45 93
23 29 18
69 42 50
54 72 87
59 45 73
41 25 11
52 5 57
83 22 26
84 5 67
14 94 69
64 33 11
21 39 81
37 31 32
20 41 46
11 12 8
71 60 84
21 56 2
25 45 74
59 18 43
66 89 73
4 47 34
85 37 92
35 48 71
11 47 24
76 10 43
16 38 9
67 79 49
21 70 89
47 66 94
83 56 15
30 69 89
77 25 84
53 69 41
79 49 90
8 81 8
39 90 73
21 42 17
53 58 46
61 57 20
90 4 18
37 75 83
3 43 13
26 71 41
17 74 52
7 62 19
21 67 82
80 92 88
25 66 10
47 90 17
90 76 55
74 41 0
30 33 51
26 56 91
80 47 10
76 87 84
70 44 43
41 10 72
72 26 66
31 16 49
41 77 40
40 78 80
7 15 82
91 1 37
23 83 55
32 8 94
18 10 69
92 2 68
89 13 58
51 17 48
39 62 46
70 5 26
73 64 51
37 25 94
48 89 61
62 34 72
32 59 55
1 60 70
31 75 84
96 87 83
57 61 20
24 77 53
19 23 41
85 10 59
30 17 60
92 67 5
15 54 50
90 66 32
91 70 62
49 65 20
75 36 69
61 51 12
62 45 14
16 84 11
68 26 37
29 5 69
6 7 50
96 46 33
56 20 88
95 92 62
82 5 59
57 89 19
61 5 22
52 38 64
64 25 9
8 75 41
10 96 1
74 42 19
6 61 73
66 49 9
60 36 28
63 29 72
47 93 55
47 42 78
37 67 35
84 30 36
39 60 80
35 32 3
48 53 91
48 17 8
78 56 45
28 67 62
90 35 77
55 37 15
20 91 30
93 28 40
5 70 26
74 46 12
28 9 14
71 42 83
22 67 57
14 26 57
31 29 42
18 9 96
27 0 73
80 64 4
81 31 31
41 83 32
62 49 83
86 51 62
89 28 27
42 25 68
70 54 0
72 7 75
20 96 45
88 61 91
85 66 28
8 58 45
15 79 95
88 11 70
87 39 37
23 94 22
89 67 28
42 57 96
11 76 5
52 65 28
50 39 62
74 5 91
95 23 15
1 91 37
57 40 5
68 27 85
34 61 8
91 2 41
36 94 20
69 24 16
40 75 94
71 74 2
42 16 31
82 93 23
32 37 43
72 11 38
14 15 79
64 90 94
9 79 32
8 62 68
1 88 66
77 57 39
9 13 77
81 79 79
66 93 90
13 47 69
88 14 10
87 26 59
81 38 38
40 34 54
3 67 6
50 3 17
93 29 27
46 25 18
70 92 4
96 86 40
32 73 11
84 34 22
62 21 50
56 74 81
75 24 57
12 91 17
94 86 50
73 9 17
62 11 74
48 83 39
51 23 13
67 45 9
77 0 24
35 5 74
89 69 86
34 46 4
89 59 67
80 53 89
18 39 32
36 85 2
9 48 82
73 4 32
31 40 68
68 29 0
85 4 84
14 93 12
70 46 68
10 29 15
39 95 64
30 81 30
7 35 16
11 33 58
96 44 57
79 55 83
1 22 83
69 4 3
65 56 76
87 82 54
47 0 80
63 8 85
96 45 85
29 36 67
35 13 41
68 24 93
71 38 15
66 74 29
62 46 52
22 10 87
19 15 43
93 95 9
33 75 2
46 2 26
54 38 20
36 74 56
