82
0 0 0
0 1 1
0 2 2
0 3 3
0 4 4
0 5 5
0 6 6
0 7 7
0 8 8
0 9 9
0 10 10
0 11 11
0 12 12
0 13 13
0 14 14
0 15 15
0 16 16
0 17 17
0 18 18
0 19 19
0 20 20
0 21 21
0 22 22
0 23 23
0 24 24
0 25 25
0 26 26
0 27 27
0 28 28
0 29 29
0 30 30
0 31 31
0 32 32
0 33 33
0 34 34
0 35 35
0 36 36
0 37 37
0 38 38
0 39 39
0 40 40
0 41 41
0 42 42
0 43 43
0 44 44
0 45 45
0 46 46
0 47 47
0 48 48
0 49 49
0 50 50
0 51 51
0 52 52
0 53 53
0 54 54
0 55 55
0 56 56
0 57 57
0 58 58
0 59 59
0 60 60
0 61 61
0 62 62
0 63 63
0 64 64
0 65 65
0 66 66
0 67 67
0 68 68
0 69 69
0 70 70
0 71 71
0 72 72
0 73 73
0 74 74
0 75 75
0 76 76
0 77 77
0 78 78
0 79 79
0 80 80
0 81 81
1 0 1
1 1 3
1 2 5
1 3 7
1 4 9
1 5 11
1 6 13
1 7 15
1 8 17
1 9 19
1 10 21
1 11 23
1 12 25
1 13 27
1 14 29
1 15 31
1 16 33
1 17 35
1 18 37
1 19 39
1 20 41
1 21 43
1 22 45
1 23 47
1 24 49
1 25 51
1 26 53
1 27 55
1 28 57
1 29 59
1 30 61
1 31 63
1 32 65
1 33 67
1 34 69
1 35 71
1 36 73
1 37 75
1 38 77
1 39 79
1 40 81
1 41 0
1 42 2
1 43 4
1 44 6
1 45 8
1 46 10
1 47 12
1 48 14
1 49 16
1 50 18
1 51 20
1 52 22
1 53 24
1 54 26
1 55 28
1 56 30
1 57 32
1 58 34
1 59 36
1 60 38
1 61 40
1 62 42
1 63 44
1 64 46
1 65 48
1 66 50
1 67 52
1 68 54
1 69 56
1 70 58
1 71 60
1 72 62
1 73 64
1 74 66
1 75 68
1 76 70
1 77 72
1 78 74
1 79 76
1 80 78
1 81 80
2 0 2
2 1 5
2 2 8
2 3 11
2 4 14
2 5 17
2 6 20
2 7 23
2 8 26
2 9 29
2 10 32
2 11 35
2 12 38
2 13 41
2 14 44
2 15 47
2 16 50
2 17 53
2 18 56
2 19 59
2 20 62
2 21 65
2 22 68
2 23 71
2 24 74
2 25 77
2 26 80
2 27 0
2 28 3
2 29 6
2 30 9
2 31 12
2 32 15
2 33 18
2 34 21
2 35 24
2 36 27
2 37 30
2 38 33
2 39 36
2 40 39
2 41 42
2 42 45
2 43 48
2 44 51
2 45 54
2 46 57
2 47 60
2 48 63
2 49 66
2 50 69
2 51 72
2 52 75
2 53 78
2 54 81
2 55 1
2 56 4
2 57 7
2 58 10
2 59 13
2 60 16
2 61 19
2 62 22
2 63 25
2 64 28
2 65 31
2 66 34
2 67 37
2 68 40
2 69 43
2 70 46
2 71 49
2 72 52
2 73 55
2 74 58
2 75 61
2 76 64
2 77 67
2 78 70
2 79 73
2 80 76
2 81 79
3 0 3
3 1 7
3 2 11
3 3 15
3 4 19
3 5 23
3 6 27
3 7 31
3 8 35
3 9 39
3 10 43
3 11 47
3 12 51
3 13 55
3 14 59
3 15 63
3 16 67
3 17 71
3 18 75
3 19 79
3 20 0
3 21 4
3 22 8
3 23 12
3 24 16
3 25 20
3 26 24
3 27 28
3 28 32
3 29 36
3 30 40
3 31 44
3 32 48
3 33 52
3 34 56
3 35 60
3 36 64
3 37 68
3 38 72
3 39 76
3 40 80
3 41 1
3 42 5
3 43 9
3 44 13
3 45 17
3 46 21
3 47 25
3 48 29
3 49 33
3 50 37
3 51 41
3 52 45
3 53 49
3 54 53
3 55 57
3 56 61
3 57 65
3 58 69
3 59 73
3 60 77
3 61 81
3 62 2
3 63 6
3 64 10
3 65 14
3 66 18
3 67 22
3 68 26
3 69 30
3 70 34
3 71 38
3 72 42
3 73 46
3 74 50
3 75 54
3 76 58
3 77 62
3 78 66
3 79 70
3 80 74
3 81 78
4 0 4
4 1 9
4 2 14
4 3 19
4 4 24
4 5 29
4 6 34
4 7 39
4 8 44
4 9 49
4 10 54
4 11 59
4 12 64
4 13 69
4 14 74
4 15 79
4 16 1
4 17 6
4 18 11
4 19 16
4 20 21
4 21 26
4 22 31
4 23 36
4 24 41
4 25 46
4 26 51
4 27 56
4 28 61
4 29 66
4 30 71
4 31 76
4 32 81
4 33 3
4 34 8
4 35 13
4 36 18
4 37 23
4 38 28
4 39 33
4 40 38
4 41 43
4 42 48
4 43 53
4 44 58
4 45 63
4 46 68
4 47 73
4 48 78
4 49 0
4 50 5
4 51 10
4 52 15
4 53 20
4 54 25
4 55 30
4 56 35
4 57 40
4 58 45
4 59 50
4 60 55
4 61 60
4 62 65
4 63 70
4 64 75
4 65 80
4 66 2
4 67 7
4 68 12
4 69 17
4 70 22
4 71 27
4 72 32
4 73 37
4 74 42
4 75 47
4 76 52
4 77 57
4 78 62
4 79 67
4 80 72
4 81 77
5 0 5
5 1 11
5 2 17
5 3 23
5 4 29
5 5 35
5 6 41
5 7 47
5 8 53
5 9 59
5 10 65
5 11 71
5 12 77
5 13 0
5 14 6
5 15 12
5 16 18
5 17 24
5 18 30
5 19 36
5 20 42
5 21 48
5 22 54
5 23 60
5 24 66
5 25 72
5 26 78
5 27 1
5 28 7
5 29 13
5 30 19
5 31 25
5 32 31
5 33 37
5 34 43
5 35 49
5 36 55
5 37 61
5 38 67
5 39 73
5 40 79
5 41 2
5 42 8
5 43 14
5 44 20
5 45 26
5 46 32
5 47 38
5 48 44
5 49 50
5 50 56
5 51 62
5 52 68
5 53 74
5 54 80
5 55 3
5 56 9
5 57 15
5 58 21
5 59 27
5 60 33
5 61 39
5 62 45
5 63 51
5 64 57
5 65 63
5 66 69
5 67 75
5 68 81
5 69 4
5 70 10
5 71 16
5 72 22
5 73 28
5 74 34
5 75 40
5 76 46
5 77 52
5 78 58
5 79 64
5 80 70
5 81 76
6 0 6
6 1 13
6 2 20
6 3 27
6 4 34
6 5 41
6 6 48
6 7 55
6 8 62
6 9 69
6 10 76
6 11 0
6 12 7
6 13 14
6 14 21
6 15 28
6 16 35
6 17 42
6 18 49
6 19 56
6 20 63
6 21 70
6 22 77
6 23 1
6 24 8
6 25 15
6 26 22
6 27 29
6 28 36
6 29 43
6 30 50
6 31 57
6 32 64
6 33 71
6 34 78
6 35 2
6 36 9
6 37 16
6 38 23
6 39 30
6 40 37
6 41 44
6 42 51
6 43 58
6 44 65
6 45 72
6 46 79
6 47 3
6 48 10
6 49 17
6 50 24
6 51 31
6 52 38
6 53 45
6 54 52
6 55 59
6 56 66
6 57 73
6 58 80
6 59 4
6 60 11
6 61 18
6 62 25
6 63 32
6 64 39
6 65 46
6 66 53
6 67 60
6 68 67
6 69 74
6 70 81
6 71 5
6 72 12
6 73 19
6 74 26
6 75 33
6 76 40
6 77 47
6 78 54
6 79 61
6 80 68
6 81 75
7 0 7
7 1 15
7 2 23
7 3 31
7 4 39
7 5 47
7 6 55
7 7 63
7 8 71
7 9 79
7 10 4
7 11 12
7 12 20
7 13 28
7 14 36
7 15 44
7 16 52
7 17 60
7 18 68
7 19 76
7 20 1
7 21 9
7 22 17
7 23 25
7 24 33
7 25 41
7 26 49
7 27 57
7 28 65
7 29 73
7 30 81
7 31 6
7 32 14
7 33 22
7 34 30
7 35 38
7 36 46
7 37 54
7 38 62
7 39 70
7 40 78
7 41 3
7 42 11
7 43 19
7 44 27
7 45 35
7 46 43
7 47 51
7 48 59
7 49 67
7 50 75
7 51 0
7 52 8
7 53 16
7 54 24
7 55 32
7 56 40
7 57 48
7 58 56
7 59 64
7 60 72
7 61 80
7 62 5
7 63 13
7 64 21
7 65 29
7 66 37
7 67 45
7 68 53
7 69 61
7 70 69
7 71 77
7 72 2
7 73 10
7 74 18
7 75 26
7 76 34
7 77 42
7 78 50
7 79 58
7 80 66
7 81 74
8 0 8
8 1 17
8 2 26
8 3 35
8 4 44
8 5 53
8 6 62
8 7 71
8 8 80
8 9 6
8 10 15
8 11 24
8 12 33
8 13 42
8 14 51
8 15 60
8 16 69
8 17 78
8 18 4
8 19 13
8 20 22
8 21 31
8 22 40
8 23 49
8 24 58
8 25 67
8 26 76
8 27 2
8 28 11
8 29 20
8 30 29
8 31 38
8 32 47
8 33 56
8 34 65
8 35 74
8 36 0
8 37 9
8 38 18
8 39 27
8 40 36
8 41 45
8 42 54
8 43 63
8 44 72
8 45 81
8 46 7
8 47 16
8 48 25
8 49 34
8 50 43
8 51 52
8 52 61
8 53 70
8 54 79
8 55 5
8 56 14
8 57 23
8 58 32
8 59 41
8 60 50
8 61 59
8 62 68
8 63 77
8 64 3
8 65 12
8 66 21
8 67 30
8 68 39
8 69 48
8 70 57
8 71 66
8 72 75
8 73 1
8 74 10
8 75 19
8 76 28
8 77 37
8 78 46
8 79 55
8 80 64
8 81 73
9 0 9
9 1 19
9 2 29
9 3 39
9 4 49
9 5 59
9 6 69
9 7 79
9 8 6
9 9 16
9 10 26
9 11 36
9 12 46
9 13 56
9 14 66
9 15 76
9 16 3
9 17 13
9 18 23
9 19 33
9 20 43
9 21 53
9 22 63
9 23 73
9 24 0
9 25 10
9 26 20
9 27 30
9 28 40
9 29 50
9 30 60
9 31 70
9 32 80
9 33 7
9 34 17
9 35 27
9 36 37
9 37 47
9 38 57
9 39 67
9 40 77
9 41 4
9 42 14
9 43 24
9 44 34
9 45 44
9 46 54
9 47 64
9 48 74
9 49 1
9 50 11
9 51 21
9 52 31
9 53 41
9 54 51
9 55 61
9 56 71
9 57 81
9 58 8
9 59 18
9 60 28
9 61 38
9 62 48
9 63 58
9 64 68
9 65 78
9 66 5
9 67 15
9 68 25
9 69 35
9 70 45
9 71 55
9 72 65
9 73 75
9 74 2
9 75 12
9 76 22
9 77 32
9 78 42
9 79 52
9 80 62
9 81 72
10 0 10
10 1 21
10 2 32
10 3 43
10 4 54
10 5 65
10 6 76
10 7 4
10 8 15
10 9 26
10 10 37
10 11 48
10 12 59
10 13 70
10 14 81
10 15 9
10 16 20
10 17 31
10 18 42
10 19 53
10 20 64
10 21 75
10 22 3
10 23 14
10 24 25
10 25 36
10 26 47
10 27 58
10 28 69
10 29 80
10 30 8
10 31 19
10 32 30
10 33 41
10 34 52
10 35 63
10 36 74
10 37 2
10 38 13
10 39 24
10 40 35
10 41 46
10 42 57
10 43 68
10 44 79
10 45 7
10 46 18
10 47 29
10 48 40
10 49 51
10 50 62
10 51 73
10 52 1
10 53 12
10 54 23
10 55 34
10 56 45
10 57 56
10 58 67
10 59 78
10 60 6
10 61 17
10 62 28
10 63 39
10 64 50
10 65 61
10 66 72
10 67 0
10 68 11
10 69 22
10 70 33
10 71 44
10 72 55
10 73 66
10 74 77
10 75 5
10 76 16
10 77 27
10 78 38
10 79 49
10 80 60
10 81 71
11 0 11
11 1 23
11 2 35
11 3 47
11 4 59
11 5 71
11 6 0
11 7 12
11 8 24
11 9 36
11 10 48
11 11 60
11 12 72
11 13 1
11 14 13
11 15 25
11 16 37
11 17 49
11 18 61
11 19 73
11 20 2
11 21 14
11 22 26
11 23 38
11 24 50
11 25 62
11 26 74
11 27 3
11 28 15
11 29 27
11 30 39
11 31 51
11 32 63
11 33 75
11 34 4
11 35 16
11 36 28
11 37 40
11 38 52
11 39 64
11 40 76
11 41 5
11 42 17
11 43 29
11 44 41
11 45 53
11 46 65
11 47 77
11 48 6
11 49 18
11 50 30
11 51 42
11 52 54
11 53 66
11 54 78
11 55 7
11 56 19
11 57 31
11 58 43
11 59 55
11 60 67
11 61 79
11 62 8
11 63 20
11 64 32
11 65 44
11 66 56
11 67 68
11 68 80
11 69 9
11 70 21
11 71 33
11 72 45
11 73 57
11 74 69
11 75 81
11 76 10
11 77 22
11 78 34
11 79 46
11 80 58
11 81 70
12 0 12
12 1 25
12 2 38
12 3 51
12 4 64
12 5 77
12 6 7
12 7 20
12 8 33
12 9 46
12 10 59
12 11 72
12 12 2
12 13 15
12 14 28
12 15 41
12 16 54
12 17 67
12 18 80
12 19 10
12 20 23
12 21 36
12 22 49
12 23 62
12 24 75
12 25 5
12 26 18
12 27 31
12 28 44
12 29 57
12 30 70
12 31 0
12 32 13
12 33 26
12 34 39
12 35 52
12 36 65
12 37 78
12 38 8
12 39 21
12 40 34
12 41 47
12 42 60
12 43 73
12 44 3
12 45 16
12 46 29
12 47 42
12 48 55
12 49 68
12 50 81
12 51 11
12 52 24
12 53 37
12 54 50
12 55 63
12 56 76
12 57 6
12 58 19
12 59 32
12 60 45
12 61 58
12 62 71
12 63 1
12 64 14
12 65 27
12 66 40
12 67 53
12 68 66
12 69 79
12 70 9
12 71 22
12 72 35
12 73 48
12 74 61
12 75 74
12 76 4
12 77 17
12 78 30
12 79 43
12 80 56
12 81 69
13 0 13
13 1 27
13 2 41
13 3 55
13 4 69
13 5 0
13 6 14
13 7 28
13 8 42
13 9 56
13 10 70
13 11 1
13 12 15
13 13 29
13 14 43
13 15 57
13 16 71
13 17 2
13 18 16
13 19 30
13 20 44
13 21 58
13 22 72
13 23 3
13 24 17
13 25 31
13 26 45
13 27 59
13 28 73
13 29 4
13 30 18
13 31 32
13 32 46
13 33 60
13 34 74
13 35 5
13 36 19
13 37 33
13 38 47
13 39 61
13 40 75
13 41 6
13 42 20
13 43 34
13 44 48
13 45 62
13 46 76
13 47 7
13 48 21
13 49 35
13 50 49
13 51 63
13 52 77
13 53 8
13 54 22
13 55 36
13 56 50
13 57 64
13 58 78
13 59 9
13 60 23
13 61 37
13 62 51
13 63 65
13 64 79
13 65 10
13 66 24
13 67 38
13 68 52
13 69 66
13 70 80
13 71 11
13 72 25
13 73 39
13 74 53
13 75 67
13 76 81
13 77 12
13 78 26
13 79 40
13 80 54
13 81 68
14 0 14
14 1 29
14 2 44
14 3 59
14 4 74
14 5 6
14 6 21
14 7 36
14 8 51
14 9 66
14 10 81
14 11 13
14 12 28
14 13 43
14 14 58
14 15 73
14 16 5
14 17 20
14 18 35
14 19 50
14 20 65
14 21 80
14 22 12
14 23 27
14 24 42
14 25 57
14 26 72
14 27 4
14 28 19
14 29 34
14 30 49
14 31 64
14 32 79
14 33 11
14 34 26
14 35 41
14 36 56
14 37 71
14 38 3
14 39 18
14 40 33
14 41 48
14 42 63
14 43 78
14 44 10
14 45 25
14 46 40
14 47 55
14 48 70
14 49 2
14 50 17
14 51 32
14 52 47
14 53 62
14 54 77
14 55 9
14 56 24
14 57 39
14 58 54
14 59 69
14 60 1
14 61 16
14 62 31
14 63 46
14 64 61
14 65 76
14 66 8
14 67 23
14 68 38
14 69 53
14 70 68
14 71 0
14 72 15
14 73 30
14 74 45
14 75 60
14 76 75
14 77 7
14 78 22
14 79 37
14 80 52
14 81 67
15 0 15
15 1 31
15 2 47
15 3 63
15 4 79
15 5 12
15 6 28
15 7 44
15 8 60
15 9 76
15 10 9
15 11 25
15 12 41
15 13 57
15 14 73
15 15 6
15 16 22
15 17 38
15 18 54
15 19 70
15 20 3
15 21 19
15 22 35
15 23 51
15 24 67
15 25 0
15 26 16
15 27 32
15 28 48
15 29 64
15 30 80
15 31 13
15 32 29
15 33 45
15 34 61
15 35 77
15 36 10
15 37 26
15 38 42
15 39 58
15 40 74
15 41 7
15 42 23
15 43 39
15 44 55
15 45 71
15 46 4
15 47 20
15 48 36
15 49 52
15 50 68
15 51 1
15 52 17
15 53 33
15 54 49
15 55 65
15 56 81
15 57 14
15 58 30
15 59 46
15 60 62
15 61 78
15 62 11
15 63 27
15 64 43
15 65 59
15 66 75
15 67 8
15 68 24
15 69 40
15 70 56
15 71 72
15 72 5
15 73 21
15 74 37
15 75 53
15 76 69
15 77 2
15 78 18
15 79 34
15 80 50
15 81 66
16 0 16
16 1 33
16 2 50
16 3 67
16 4 1
16 5 18
16 6 35
16 7 52
16 8 69
16 9 3
16 10 20
16 11 37
16 12 54
16 13 71
16 14 5
16 15 22
16 16 39
16 17 56
16 18 73
16 19 7
16 20 24
16 21 41
16 22 58
16 23 75
16 24 9
16 25 26
16 26 43
16 27 60
16 28 77
16 29 11
16 30 28
16 31 45
16 32 62
16 33 79
16 34 13
16 35 30
16 36 47
16 37 64
16 38 81
16 39 15
16 40 32
16 41 49
16 42 66
16 43 0
16 44 17
16 45 34
16 46 51
16 47 68
16 48 2
16 49 19
16 50 36
16 51 53
16 52 70
16 53 4
16 54 21
16 55 38
16 56 55
16 57 72
16 58 6
16 59 23
16 60 40
16 61 57
16 62 74
16 63 8
16 64 25
16 65 42
16 66 59
16 67 76
16 68 10
16 69 27
16 70 44
16 71 61
16 72 78
16 73 12
16 74 29
16 75 46
16 76 63
16 77 80
16 78 14
16 79 31
16 80 48
16 81 65
17 0 17
17 1 35
17 2 53
17 3 71
17 4 6
17 5 24
17 6 42
17 7 60
17 8 78
17 9 13
17 10 31
17 11 49
17 12 67
17 13 2
17 14 20
17 15 38
17 16 56
17 17 74
17 18 9
17 19 27
17 20 45
17 21 63
17 22 81
17 23 16
17 24 34
17 25 52
17 26 70
17 27 5
17 28 23
17 29 41
17 30 59
17 31 77
17 32 12
17 33 30
17 34 48
17 35 66
17 36 1
17 37 19
17 38 37
17 39 55
17 40 73
17 41 8
17 42 26
17 43 44
17 44 62
17 45 80
17 46 15
17 47 33
17 48 51
17 49 69
17 50 4
17 51 22
17 52 40
17 53 58
17 54 76
17 55 11
17 56 29
17 57 47
17 58 65
17 59 0
17 60 18
17 61 36
17 62 54
17 63 72
17 64 7
17 65 25
17 66 43
17 67 61
17 68 79
17 69 14
17 70 32
17 71 50
17 72 68
17 73 3
17 74 21
17 75 39
17 76 57
17 77 75
17 78 10
17 79 28
17 80 46
17 81 64
18 0 18
18 1 37
18 2 56
18 3 75
18 4 11
18 5 30
18 6 49
18 7 68
18 8 4
18 9 23
18 10 42
18 11 61
18 12 80
18 13 16
18 14 35
18 15 54
18 16 73
18 17 9
18 18 28
18 19 47
18 20 66
18 21 2
18 22 21
18 23 40
18 24 59
18 25 78
18 26 14
18 27 33
18 28 52
18 29 71
18 30 7
18 31 26
18 32 45
18 33 64
18 34 0
18 35 19
18 36 38
18 37 57
18 38 76
18 39 12
18 40 31
18 41 50
18 42 69
18 43 5
18 44 24
18 45 43
18 46 62
18 47 81
18 48 17
18 49 36
18 50 55
18 51 74
18 52 10
18 53 29
18 54 48
18 55 67
18 56 3
18 57 22
18 58 41
18 59 60
18 60 79
18 61 15
18 62 34
18 63 53
18 64 72
18 65 8
18 66 27
18 67 46
18 68 65
18 69 1
18 70 20
18 71 39
18 72 58
18 73 77
18 74 13
18 75 32
18 76 51
18 77 70
18 78 6
18 79 25
18 80 44
18 81 63
19 0 19
19 1 39
19 2 59
19 3 79
19 4 16
19 5 36
19 6 56
19 7 76
19 8 13
19 9 33
19 10 53
19 11 73
19 12 10
19 13 30
19 14 50
19 15 70
19 16 7
19 17 27
19 18 47
19 19 67
19 20 4
19 21 24
19 22 44
19 23 64
19 24 1
19 25 21
19 26 41
19 27 61
19 28 81
19 29 18
19 30 38
19 31 58
19 32 78
19 33 15
19 34 35
19 35 55
19 36 75
19 37 12
19 38 32
19 39 52
19 40 72
19 41 9
19 42 29
19 43 49
19 44 69
19 45 6
19 46 26
19 47 46
19 48 66
19 49 3
19 50 23
19 51 43
19 52 63
19 53 0
19 54 20
19 55 40
19 56 60
19 57 80
19 58 17
19 59 37
19 60 57
19 61 77
19 62 14
19 63 34
19 64 54
19 65 74
19 66 11
19 67 31
19 68 51
19 69 71
19 70 8
19 71 28
19 72 48
19 73 68
19 74 5
19 75 25
19 76 45
19 77 65
19 78 2
19 79 22
19 80 42
19 81 62
20 0 20
20 1 41
20 2 62
20 3 0
20 4 21
20 5 42
20 6 63
20 7 1
20 8 22
20 9 43
20 10 64
20 11 2
20 12 23
20 13 44
20 14 65
20 15 3
20 16 24
20 17 45
20 18 66
20 19 4
20 20 25
20 21 46
20 22 67
20 23 5
20 24 26
20 25 47
20 26 68
20 27 6
20 28 27
20 29 48
20 30 69
20 31 7
20 32 28
20 33 49
20 34 70
20 35 8
20 36 29
20 37 50
20 38 71
20 39 9
20 40 30
20 41 51
20 42 72
20 43 10
20 44 31
20 45 52
20 46 73
20 47 11
20 48 32
20 49 53
20 50 74
20 51 12
20 52 33
20 53 54
20 54 75
20 55 13
20 56 34
20 57 55
20 58 76
20 59 14
20 60 35
20 61 56
20 62 77
20 63 15
20 64 36
20 65 57
20 66 78
20 67 16
20 68 37
20 69 58
20 70 79
20 71 17
20 72 38
20 73 59
20 74 80
20 75 18
20 76 39
20 77 60
20 78 81
20 79 19
20 80 40
20 81 61
21 0 21
21 1 43
21 2 65
21 3 4
21 4 26
21 5 48
21 6 70
21 7 9
21 8 31
21 9 53
21 10 75
21 11 14
21 12 36
21 13 58
21 14 80
21 15 19
21 16 41
21 17 63
21 18 2
21 19 24
21 20 46
21 21 68
21 22 7
21 23 29
21 24 51
21 25 73
21 26 12
21 27 34
21 28 56
21 29 78
21 30 17
21 31 39
21 32 61
21 33 0
21 34 22
21 35 44
21 36 66
21 37 5
21 38 27
21 39 49
21 40 71
21 41 10
21 42 32
21 43 54
21 44 76
21 45 15
21 46 37
21 47 59
21 48 81
21 49 20
21 50 42
21 51 64
21 52 3
21 53 25
21 54 47
21 55 69
21 56 8
21 57 30
21 58 52
21 59 74
21 60 13
21 61 35
21 62 57
21 63 79
21 64 18
21 65 40
21 66 62
21 67 1
21 68 23
21 69 45
21 70 67
21 71 6
21 72 28
21 73 50
21 74 72
21 75 11
21 76 33
21 77 55
21 78 77
21 79 16
21 80 38
21 81 60
22 0 22
22 1 45
22 2 68
22 3 8
22 4 31
22 5 54
22 6 77
22 7 17
22 8 40
22 9 63
22 10 3
22 11 26
22 12 49
22 13 72
22 14 12
22 15 35
22 16 58
22 17 81
22 18 21
22 19 44
22 20 67
22 21 7
22 22 30
22 23 53
22 24 76
22 25 16
22 26 39
22 27 62
22 28 2
22 29 25
22 30 48
22 31 71
22 32 11
22 33 34
22 34 57
22 35 80
22 36 20
22 37 43
22 38 66
22 39 6
22 40 29
22 41 52
22 42 75
22 43 15
22 44 38
22 45 61
22 46 1
22 47 24
22 48 47
22 49 70
22 50 10
22 51 33
22 52 56
22 53 79
22 54 19
22 55 42
22 56 65
22 57 5
22 58 28
22 59 51
22 60 74
22 61 14
22 62 37
22 63 60
22 64 0
22 65 23
22 66 46
22 67 69
22 68 9
22 69 32
22 70 55
22 71 78
22 72 18
22 73 41
22 74 64
22 75 4
22 76 27
22 77 50
22 78 73
22 79 13
22 80 36
22 81 59
23 0 23
23 1 47
23 2 71
23 3 12
23 4 36
23 5 60
23 6 1
23 7 25
23 8 49
23 9 73
23 10 14
23 11 38
23 12 62
23 13 3
23 14 27
23 15 51
23 16 75
23 17 16
23 18 40
23 19 64
23 20 5
23 21 29
23 22 53
23 23 77
23 24 18
23 25 42
23 26 66
23 27 7
23 28 31
23 29 55
23 30 79
23 31 20
23 32 44
23 33 68
23 34 9
23 35 33
23 36 57
23 37 81
23 38 22
23 39 46
23 40 70
23 41 11
23 42 35
23 43 59
23 44 0
23 45 24
23 46 48
23 47 72
23 48 13
23 49 37
23 50 61
23 51 2
23 52 26
23 53 50
23 54 74
23 55 15
23 56 39
23 57 63
23 58 4
23 59 28
23 60 52
23 61 76
23 62 17
23 63 41
23 64 65
23 65 6
23 66 30
23 67 54
23 68 78
23 69 19
23 70 43
23 71 67
23 72 8
23 73 32
23 74 56
23 75 80
23 76 21
23 77 45
23 78 69
23 79 10
23 80 34
23 81 58
24 0 24
24 1 49
24 2 74
24 3 16
24 4 41
24 5 66
24 6 8
24 7 33
24 8 58
24 9 0
24 10 25
24 11 50
24 12 75
24 13 17
24 14 42
24 15 67
24 16 9
24 17 34
24 18 59
24 19 1
24 20 26
24 21 51
24 22 76
24 23 18
24 24 43
24 25 68
24 26 10
24 27 35
24 28 60
24 29 2
24 30 27
24 31 52
24 32 77
24 33 19
24 34 44
24 35 69
24 36 11
24 37 36
24 38 61
24 39 3
24 40 28
24 41 53
24 42 78
24 43 20
24 44 45
24 45 70
24 46 12
24 47 37
24 48 62
24 49 4
24 50 29
24 51 54
24 52 79
24 53 21
24 54 46
24 55 71
24 56 13
24 57 38
24 58 63
24 59 5
24 60 30
24 61 55
24 62 80
24 63 22
24 64 47
24 65 72
24 66 14
24 67 39
24 68 64
24 69 6
24 70 31
24 71 56
24 72 81
24 73 23
24 74 48
24 75 73
24 76 15
24 77 40
24 78 65
24 79 7
24 80 32
24 81 57
25 0 25
25 1 51
25 2 77
25 3 20
25 4 46
25 5 72
25 6 15
25 7 41
25 8 67
25 9 10
25 10 36
25 11 62
25 12 5
25 13 31
25 14 57
25 15 0
25 16 26
25 17 52
25 18 78
25 19 21
25 20 47
25 21 73
25 22 16
25 23 42
25 24 68
25 25 11
25 26 37
25 27 63
25 28 6
25 29 32
25 30 58
25 31 1
25 32 27
25 33 53
25 34 79
25 35 22
25 36 48
25 37 74
25 38 17
25 39 43
25 40 69
25 41 12
25 42 38
25 43 64
25 44 7
25 45 33
25 46 59
25 47 2
25 48 28
25 49 54
25 50 80
25 51 23
25 52 49
25 53 75
25 54 18
25 55 44
25 56 70
25 57 13
25 58 39
25 59 65
25 60 8
25 61 34
25 62 60
25 63 3
25 64 29
25 65 55
25 66 81
25 67 24
25 68 50
25 69 76
25 70 19
25 71 45
25 72 71
25 73 14
25 74 40
25 75 66
25 76 9
25 77 35
25 78 61
25 79 4
25 80 30
25 81 56
26 0 26
26 1 53
26 2 80
26 3 24
26 4 51
26 5 78
26 6 22
26 7 49
26 8 76
26 9 20
26 10 47
26 11 74
26 12 18
26 13 45
26 14 72
26 15 16
26 16 43
26 17 70
26 18 14
26 19 41
26 20 68
26 21 12
26 22 39
26 23 66
26 24 10
26 25 37
26 26 64
26 27 8
26 28 35
26 29 62
26 30 6
26 31 33
26 32 60
26 33 4
26 34 31
26 35 58
26 36 2
26 37 29
26 38 56
26 39 0
26 40 27
26 41 54
26 42 81
26 43 25
26 44 52
26 45 79
26 46 23
26 47 50
26 48 77
26 49 21
26 50 48
26 51 75
26 52 19
26 53 46
26 54 73
26 55 17
26 56 44
26 57 71
26 58 15
26 59 42
26 60 69
26 61 13
26 62 40
26 63 67
26 64 11
26 65 38
26 66 65
26 67 9
26 68 36
26 69 63
26 70 7
26 71 34
26 72 61
26 73 5
26 74 32
26 75 59
26 76 3
26 77 30
26 78 57
26 79 1
26 80 28
26 81 55
27 0 27
27 1 55
27 2 0
27 3 28
27 4 56
27 5 1
27 6 29
27 7 57
27 8 2
27 9 30
27 10 58
27 11 3
27 12 31
27 13 59
27 14 4
27 15 32
27 16 60
27 17 5
27 18 33
27 19 61
27 20 6
27 21 34
27 22 62
27 23 7
27 24 35
27 25 63
27 26 8
27 27 36
27 28 64
27 29 9
27 30 37
27 31 65
27 32 10
27 33 38
27 34 66
27 35 11
27 36 39
27 37 67
27 38 12
27 39 40
27 40 68
27 41 13
27 42 41
27 43 69
27 44 14
27 45 42
27 46 70
27 47 15
27 48 43
27 49 71
27 50 16
27 51 44
27 52 72
27 53 17
27 54 45
27 55 73
27 56 18
27 57 46
27 58 74
27 59 19
27 60 47
27 61 75
27 62 20
27 63 48
27 64 76
27 65 21
27 66 49
27 67 77
27 68 22
27 69 50
27 70 78
27 71 23
27 72 51
27 73 79
27 74 24
27 75 52
27 76 80
27 77 25
27 78 53
27 79 81
27 80 26
27 81 54
28 0 28
28 1 57
28 2 3
28 3 32
28 4 61
28 5 7
28 6 36
28 7 65
28 8 11
28 9 40
28 10 69
28 11 15
28 12 44
28 13 73
28 14 19
28 15 48
28 16 77
28 17 23
28 18 52
28 19 81
28 20 27
28 21 56
28 22 2
28 23 31
28 24 60
28 25 6
28 26 35
28 27 64
28 28 10
28 29 39
28 30 68
28 31 14
28 32 43
28 33 72
28 34 18
28 35 47
28 36 76
28 37 22
28 38 51
28 39 80
28 40 26
28 41 55
28 42 1
28 43 30
28 44 59
28 45 5
28 46 34
28 47 63
28 48 9
28 49 38
28 50 67
28 51 13
28 52 42
28 53 71
28 54 17
28 55 46
28 56 75
28 57 21
28 58 50
28 59 79
28 60 25
28 61 54
28 62 0
28 63 29
28 64 58
28 65 4
28 66 33
28 67 62
28 68 8
28 69 37
28 70 66
28 71 12
28 72 41
28 73 70
28 74 16
28 75 45
28 76 74
28 77 20
28 78 49
28 79 78
28 80 24
28 81 53
29 0 29
29 1 59
29 2 6
29 3 36
29 4 66
29 5 13
29 6 43
29 7 73
29 8 20
29 9 50
29 10 80
29 11 27
29 12 57
29 13 4
29 14 34
29 15 64
29 16 11
29 17 41
29 18 71
29 19 18
29 20 48
29 21 78
29 22 25
29 23 55
29 24 2
29 25 32
29 26 62
29 27 9
29 28 39
29 29 69
29 30 16
29 31 46
29 32 76
29 33 23
29 34 53
29 35 0
29 36 30
29 37 60
29 38 7
29 39 37
29 40 67
29 41 14
29 42 44
29 43 74
29 44 21
29 45 51
29 46 81
29 47 28
29 48 58
29 49 5
29 50 35
29 51 65
29 52 12
29 53 42
29 54 72
29 55 19
29 56 49
29 57 79
29 58 26
29 59 56
29 60 3
29 61 33
29 62 63
29 63 10
29 64 40
29 65 70
29 66 17
29 67 47
29 68 77
29 69 24
29 70 54
29 71 1
29 72 31
29 73 61
29 74 8
29 75 38
29 76 68
29 77 15
29 78 45
29 79 75
29 80 22
29 81 52
30 0 30
30 1 61
30 2 9
30 3 40
30 4 71
30 5 19
30 6 50
30 7 81
30 8 29
30 9 60
30 10 8
30 11 39
30 12 70
30 13 18
30 14 49
30 15 80
30 16 28
30 17 59
30 18 7
30 19 38
30 20 69
30 21 17
30 22 48
30 23 79
30 24 27
30 25 58
30 26 6
30 27 37
30 28 68
30 29 16
30 30 47
30 31 78
30 32 26
30 33 57
30 34 5
30 35 36
30 36 67
30 37 15
30 38 46
30 39 77
30 40 25
30 41 56
30 42 4
30 43 35
30 44 66
30 45 14
30 46 45
30 47 76
30 48 24
30 49 55
30 50 3
30 51 34
30 52 65
30 53 13
30 54 44
30 55 75
30 56 23
30 57 54
30 58 2
30 59 33
30 60 64
30 61 12
30 62 43
30 63 74
30 64 22
30 65 53
30 66 1
30 67 32
30 68 63
30 69 11
30 70 42
30 71 73
30 72 21
30 73 52
30 74 0
30 75 31
30 76 62
30 77 10
30 78 41
30 79 72
30 80 20
30 81 51
31 0 31
31 1 63
31 2 12
31 3 44
31 4 76
31 5 25
31 6 57
31 7 6
31 8 38
31 9 70
31 10 19
31 11 51
31 12 0
31 13 32
31 14 64
31 15 13
31 16 45
31 17 77
31 18 26
31 19 58
31 20 7
31 21 39
31 22 71
31 23 20
31 24 52
31 25 1
31 26 33
31 27 65
31 28 14
31 29 46
31 30 78
31 31 27
31 32 59
31 33 8
31 34 40
31 35 72
31 36 21
31 37 53
31 38 2
31 39 34
31 40 66
31 41 15
31 42 47
31 43 79
31 44 28
31 45 60
31 46 9
31 47 41
31 48 73
31 49 22
31 50 54
31 51 3
31 52 35
31 53 67
31 54 16
31 55 48
31 56 80
31 57 29
31 58 61
31 59 10
31 60 42
31 61 74
31 62 23
31 63 55
31 64 4
31 65 36
31 66 68
31 67 17
31 68 49
31 69 81
31 70 30
31 71 62
31 72 11
31 73 43
31 74 75
31 75 24
31 76 56
31 77 5
31 78 37
31 79 69
31 80 18
31 81 50
32 0 32
32 1 65
32 2 15
32 3 48
32 4 81
32 5 31
32 6 64
32 7 14
32 8 47
32 9 80
32 10 30
32 11 63
32 12 13
32 13 46
32 14 79
32 15 29
32 16 62
32 17 12
32 18 45
32 19 78
32 20 28
32 21 61
32 22 11
32 23 44
32 24 77
32 25 27
32 26 60
32 27 10
32 28 43
32 29 76
32 30 26
32 31 59
32 32 9
32 33 42
32 34 75
32 35 25
32 36 58
32 37 8
32 38 41
32 39 74
32 40 24
32 41 57
32 42 7
32 43 40
32 44 73
32 45 23
32 46 56
32 47 6
32 48 39
32 49 72
32 50 22
32 51 55
32 52 5
32 53 38
32 54 71
32 55 21
32 56 54
32 57 4
32 58 37
32 59 70
32 60 20
32 61 53
32 62 3
32 63 36
32 64 69
32 65 19
32 66 52
32 67 2
32 68 35
32 69 68
32 70 18
32 71 51
32 72 1
32 73 34
32 74 67
32 75 17
32 76 50
32 77 0
32 78 33
32 79 66
32 80 16
32 81 49
33 0 33
33 1 67
33 2 18
33 3 52
33 4 3
33 5 37
33 6 71
33 7 22
33 8 56
33 9 7
33 10 41
33 11 75
33 12 26
33 13 60
33 14 11
33 15 45
33 16 79
33 17 30
33 18 64
33 19 15
33 20 49
33 21 0
33 22 34
33 23 68
33 24 19
33 25 53
33 26 4
33 27 38
33 28 72
33 29 23
33 30 57
33 31 8
33 32 42
33 33 76
33 34 27
33 35 61
33 36 12
33 37 46
33 38 80
33 39 31
33 40 65
33 41 16
33 42 50
33 43 1
33 44 35
33 45 69
33 46 20
33 47 54
33 48 5
33 49 39
33 50 73
33 51 24
33 52 58
33 53 9
33 54 43
33 55 77
33 56 28
33 57 62
33 58 13
33 59 47
33 60 81
33 61 32
33 62 66
33 63 17
33 64 51
33 65 2
33 66 36
33 67 70
33 68 21
33 69 55
33 70 6
33 71 40
33 72 74
33 73 25
33 74 59
33 75 10
33 76 44
33 77 78
33 78 29
33 79 63
33 80 14
33 81 48
34 0 34
34 1 69
34 2 21
34 3 56
34 4 8
34 5 43
34 6 78
34 7 30
34 8 65
34 9 17
34 10 52
34 11 4
34 12 39
34 13 74
34 14 26
34 15 61
34 16 13
34 17 48
34 18 0
34 19 35
34 20 70
34 21 22
34 22 57
34 23 9
34 24 44
34 25 79
34 26 31
34 27 66
34 28 18
34 29 53
34 30 5
34 31 40
34 32 75
34 33 27
34 34 62
34 35 14
34 36 49
34 37 1
34 38 36
34 39 71
34 40 23
34 41 58
34 42 10
34 43 45
34 44 80
34 45 32
34 46 67
34 47 19
34 48 54
34 49 6
34 50 41
34 51 76
34 52 28
34 53 63
34 54 15
34 55 50
34 56 2
34 57 37
34 58 72
34 59 24
34 60 59
34 61 11
34 62 46
34 63 81
34 64 33
34 65 68
34 66 20
34 67 55
34 68 7
34 69 42
34 70 77
34 71 29
34 72 64
34 73 16
34 74 51
34 75 3
34 76 38
34 77 73
34 78 25
34 79 60
34 80 12
34 81 47
35 0 35
35 1 71
35 2 24
35 3 60
35 4 13
35 5 49
35 6 2
35 7 38
35 8 74
35 9 27
35 10 63
35 11 16
35 12 52
35 13 5
35 14 41
35 15 77
35 16 30
35 17 66
35 18 19
35 19 55
35 20 8
35 21 44
35 22 80
35 23 33
35 24 69
35 25 22
35 26 58
35 27 11
35 28 47
35 29 0
35 30 36
35 31 72
35 32 25
35 33 61
35 34 14
35 35 50
35 36 3
35 37 39
35 38 75
35 39 28
35 40 64
35 41 17
35 42 53
35 43 6
35 44 42
35 45 78
35 46 31
35 47 67
35 48 20
35 49 56
35 50 9
35 51 45
35 52 81
35 53 34
35 54 70
35 55 23
35 56 59
35 57 12
35 58 48
35 59 1
35 60 37
35 61 73
35 62 26
35 63 62
35 64 15
35 65 51
35 66 4
35 67 40
35 68 76
35 69 29
35 70 65
35 71 18
35 72 54
35 73 7
35 74 43
35 75 79
35 76 32
35 77 68
35 78 21
35 79 57
35 80 10
35 81 46
36 0 36
36 1 73
36 2 27
36 3 64
36 4 18
36 5 55
36 6 9
36 7 46
36 8 0
36 9 37
36 10 74
36 11 28
36 12 65
36 13 19
36 14 56
36 15 10
36 16 47
36 17 1
36 18 38
36 19 75
36 20 29
36 21 66
36 22 20
36 23 57
36 24 11
36 25 48
36 26 2
36 27 39
36 28 76
36 29 30
36 30 67
36 31 21
36 32 58
36 33 12
36 34 49
36 35 3
36 36 40
36 37 77
36 38 31
36 39 68
36 40 22
36 41 59
36 42 13
36 43 50
36 44 4
36 45 41
36 46 78
36 47 32
36 48 69
36 49 23
36 50 60
36 51 14
36 52 51
36 53 5
36 54 42
36 55 79
36 56 33
36 57 70
36 58 24
36 59 61
36 60 15
36 61 52
36 62 6
36 63 43
36 64 80
36 65 34
36 66 71
36 67 25
36 68 62
36 69 16
36 70 53
36 71 7
36 72 44
36 73 81
36 74 35
36 75 72
36 76 26
36 77 63
36 78 17
36 79 54
36 80 8
36 81 45
37 0 37
37 1 75
37 2 30
37 3 68
37 4 23
37 5 61
37 6 16
37 7 54
37 8 9
37 9 47
37 10 2
37 11 40
37 12 78
37 13 33
37 14 71
37 15 26
37 16 64
37 17 19
37 18 57
37 19 12
37 20 50
37 21 5
37 22 43
37 23 81
37 24 36
37 25 74
37 26 29
37 27 67
37 28 22
37 29 60
37 30 15
37 31 53
37 32 8
37 33 46
37 34 1
37 35 39
37 36 77
37 37 32
37 38 70
37 39 25
37 40 63
37 41 18
37 42 56
37 43 11
37 44 49
37 45 4
37 46 42
37 47 80
37 48 35
37 49 73
37 50 28
37 51 66
37 52 21
37 53 59
37 54 14
37 55 52
37 56 7
37 57 45
37 58 0
37 59 38
37 60 76
37 61 31
37 62 69
37 63 24
37 64 62
37 65 17
37 66 55
37 67 10
37 68 48
37 69 3
37 70 41
37 71 79
37 72 34
37 73 72
37 74 27
37 75 65
37 76 20
37 77 58
37 78 13
37 79 51
37 80 6
37 81 44
38 0 38
38 1 77
38 2 33
38 3 72
38 4 28
38 5 67
38 6 23
38 7 62
38 8 18
38 9 57
38 10 13
38 11 52
38 12 8
38 13 47
38 14 3
38 15 42
38 16 81
38 17 37
38 18 76
38 19 32
38 20 71
38 21 27
38 22 66
38 23 22
38 24 61
38 25 17
38 26 56
38 27 12
38 28 51
38 29 7
38 30 46
38 31 2
38 32 41
38 33 80
38 34 36
38 35 75
38 36 31
38 37 70
38 38 26
38 39 65
38 40 21
38 41 60
38 42 16
38 43 55
38 44 11
38 45 50
38 46 6
38 47 45
38 48 1
38 49 40
38 50 79
38 51 35
38 52 74
38 53 30
38 54 69
38 55 25
38 56 64
38 57 20
38 58 59
38 59 15
38 60 54
38 61 10
38 62 49
38 63 5
38 64 44
38 65 0
38 66 39
38 67 78
38 68 34
38 69 73
38 70 29
38 71 68
38 72 24
38 73 63
38 74 19
38 75 58
38 76 14
38 77 53
38 78 9
38 79 48
38 80 4
38 81 43
39 0 39
39 1 79
39 2 36
39 3 76
39 4 33
39 5 73
39 6 30
39 7 70
39 8 27
39 9 67
39 10 24
39 11 64
39 12 21
39 13 61
39 14 18
39 15 58
39 16 15
39 17 55
39 18 12
39 19 52
39 20 9
39 21 49
39 22 6
39 23 46
39 24 3
39 25 43
39 26 0
39 27 40
39 28 80
39 29 37
39 30 77
39 31 34
39 32 74
39 33 31
39 34 71
39 35 28
39 36 68
39 37 25
39 38 65
39 39 22
39 40 62
39 41 19
39 42 59
39 43 16
39 44 56
39 45 13
39 46 53
39 47 10
39 48 50
39 49 7
39 50 47
39 51 4
39 52 44
39 53 1
39 54 41
39 55 81
39 56 38
39 57 78
39 58 35
39 59 75
39 60 32
39 61 72
39 62 29
39 63 69
39 64 26
39 65 66
39 66 23
39 67 63
39 68 20
39 69 60
39 70 17
39 71 57
39 72 14
39 73 54
39 74 11
39 75 51
39 76 8
39 77 48
39 78 5
39 79 45
39 80 2
39 81 42
40 0 40
40 1 81
40 2 39
40 3 80
40 4 38
40 5 79
40 6 37
40 7 78
40 8 36
40 9 77
40 10 35
40 11 76
40 12 34
40 13 75
40 14 33
40 15 74
40 16 32
40 17 73
40 18 31
40 19 72
40 20 30
40 21 71
40 22 29
40 23 70
40 24 28
40 25 69
40 26 27
40 27 68
40 28 26
40 29 67
40 30 25
40 31 66
40 32 24
40 33 65
40 34 23
40 35 64
40 36 22
40 37 63
40 38 21
40 39 62
40 40 20
40 41 61
40 42 19
40 43 60
40 44 18
40 45 59
40 46 17
40 47 58
40 48 16
40 49 57
40 50 15
40 51 56
40 52 14
40 53 55
40 54 13
40 55 54
40 56 12
40 57 53
40 58 11
40 59 52
40 60 10
40 61 51
40 62 9
40 63 50
40 64 8
40 65 49
40 66 7
40 67 48
40 68 6
40 69 47
40 70 5
40 71 46
40 72 4
40 73 45
40 74 3
40 75 44
40 76 2
40 77 43
40 78 1
40 79 42
40 80 0
40 81 41
41 0 41
41 1 0
41 2 42
41 3 1
41 4 43
41 5 2
41 6 44
41 7 3
41 8 45
41 9 4
41 10 46
41 11 5
41 12 47
41 13 6
41 14 48
41 15 7
41 16 49
41 17 8
41 18 50
41 19 9
41 20 51
41 21 10
41 22 52
41 23 11
41 24 53
41 25 12
41 26 54
41 27 13
41 28 55
41 29 14
41 30 56
41 31 15
41 32 57
41 33 16
41 34 58
41 35 17
41 36 59
41 37 18
41 38 60
41 39 19
41 40 61
41 41 20
41 42 62
41 43 21
41 44 63
41 45 22
41 46 64
41 47 23
41 48 65
41 49 24
41 50 66
41 51 25
41 52 67
41 53 26
41 54 68
41 55 27
41 56 69
41 57 28
41 58 70
41 59 29
41 60 71
41 61 30
41 62 72
41 63 31
41 64 73
41 65 32
41 66 74
41 67 33
41 68 75
41 69 34
41 70 76
41 71 35
41 72 77
41 73 36
41 74 78
41 75 37
41 76 79
41 77 38
41 78 80
41 79 39
41 80 81
41 81 40
42 0 42
42 1 2
42 2 45
42 3 5
42 4 48
42 5 8
42 6 51
42 7 11
42 8 54
42 9 14
42 10 57
42 11 17
42 12 60
42 13 20
42 14 63
42 15 23
42 16 66
42 17 26
42 18 69
42 19 29
42 20 72
42 21 32
42 22 75
42 23 35
42 24 78
42 25 38
42 26 81
42 27 41
42 28 1
42 29 44
42 30 4
42 31 47
42 32 7
42 33 50
42 34 10
42 35 53
42 36 13
42 37 56
42 38 16
42 39 59
42 40 19
42 41 62
42 42 22
42 43 65
42 44 25
42 45 68
42 46 28
42 47 71
42 48 31
42 49 74
42 50 34
42 51 77
42 52 37
42 53 80
42 54 40
42 55 0
42 56 43
42 57 3
42 58 46
42 59 6
42 60 49
42 61 9
42 62 52
42 63 12
42 64 55
42 65 15
42 66 58
42 67 18
42 68 61
42 69 21
42 70 64
42 71 24
42 72 67
42 73 27
42 74 70
42 75 30
42 76 73
42 77 33
42 78 76
42 79 36
42 80 79
42 81 39
43 0 43
43 1 4
43 2 48
43 3 9
43 4 53
43 5 14
43 6 58
43 7 19
43 8 63
43 9 24
43 10 68
43 11 29
43 12 73
43 13 34
43 14 78
43 15 39
43 16 0
43 17 44
43 18 5
43 19 49
43 20 10
43 21 54
43 22 15
43 23 59
43 24 20
43 25 64
43 26 25
43 27 69
43 28 30
43 29 74
43 30 35
43 31 79
43 32 40
43 33 1
43 34 45
43 35 6
43 36 50
43 37 11
43 38 55
43 39 16
43 40 60
43 41 21
43 42 65
43 43 26
43 44 70
43 45 31
43 46 75
43 47 36
43 48 80
43 49 41
43 50 2
43 51 46
43 52 7
43 53 51
43 54 12
43 55 56
43 56 17
43 57 61
43 58 22
43 59 66
43 60 27
43 61 71
43 62 32
43 63 76
43 64 37
43 65 81
43 66 42
43 67 3
43 68 47
43 69 8
43 70 52
43 71 13
43 72 57
43 73 18
43 74 62
43 75 23
43 76 67
43 77 28
43 78 72
43 79 33
43 80 77
43 81 38
44 0 44
44 1 6
44 2 51
44 3 13
44 4 58
44 5 20
44 6 65
44 7 27
44 8 72
44 9 34
44 10 79
44 11 41
44 12 3
44 13 48
44 14 10
44 15 55
44 16 17
44 17 62
44 18 24
44 19 69
44 20 31
44 21 76
44 22 38
44 23 0
44 24 45
44 25 7
44 26 52
44 27 14
44 28 59
44 29 21
44 30 66
44 31 28
44 32 73
44 33 35
44 34 80
44 35 42
44 36 4
44 37 49
44 38 11
44 39 56
44 40 18
44 41 63
44 42 25
44 43 70
44 44 32
44 45 77
44 46 39
44 47 1
44 48 46
44 49 8
44 50 53
44 51 15
44 52 60
44 53 22
44 54 67
44 55 29
44 56 74
44 57 36
44 58 81
44 59 43
44 60 5
44 61 50
44 62 12
44 63 57
44 64 19
44 65 64
44 66 26
44 67 71
44 68 33
44 69 78
44 70 40
44 71 2
44 72 47
44 73 9
44 74 54
44 75 16
44 76 61
44 77 23
44 78 68
44 79 30
44 80 75
44 81 37
45 0 45
45 1 8
45 2 54
45 3 17
45 4 63
45 5 26
45 6 72
45 7 35
45 8 81
45 9 44
45 10 7
45 11 53
45 12 16
45 13 62
45 14 25
45 15 71
45 16 34
45 17 80
45 18 43
45 19 6
45 20 52
45 21 15
45 22 61
45 23 24
45 24 70
45 25 33
45 26 79
45 27 42
45 28 5
45 29 51
45 30 14
45 31 60
45 32 23
45 33 69
45 34 32
45 35 78
45 36 41
45 37 4
45 38 50
45 39 13
45 40 59
45 41 22
45 42 68
45 43 31
45 44 77
45 45 40
45 46 3
45 47 49
45 48 12
45 49 58
45 50 21
45 51 67
45 52 30
45 53 76
45 54 39
45 55 2
45 56 48
45 57 11
45 58 57
45 59 20
45 60 66
45 61 29
45 62 75
45 63 38
45 64 1
45 65 47
45 66 10
45 67 56
45 68 19
45 69 65
45 70 28
45 71 74
45 72 37
45 73 0
45 74 46
45 75 9
45 76 55
45 77 18
45 78 64
45 79 27
45 80 73
45 81 36
46 0 46
46 1 10
46 2 57
46 3 21
46 4 68
46 5 32
46 6 79
46 7 43
46 8 7
46 9 54
46 10 18
46 11 65
46 12 29
46 13 76
46 14 40
46 15 4
46 16 51
46 17 15
46 18 62
46 19 26
46 20 73
46 21 37
46 22 1
46 23 48
46 24 12
46 25 59
46 26 23
46 27 70
46 28 34
46 29 81
46 30 45
46 31 9
46 32 56
46 33 20
46 34 67
46 35 31
46 36 78
46 37 42
46 38 6
46 39 53
46 40 17
46 41 64
46 42 28
46 43 75
46 44 39
46 45 3
46 46 50
46 47 14
46 48 61
46 49 25
46 50 72
46 51 36
46 52 0
46 53 47
46 54 11
46 55 58
46 56 22
46 57 69
46 58 33
46 59 80
46 60 44
46 61 8
46 62 55
46 63 19
46 64 66
46 65 30
46 66 77
46 67 41
46 68 5
46 69 52
46 70 16
46 71 63
46 72 27
46 73 74
46 74 38
46 75 2
46 76 49
46 77 13
46 78 60
46 79 24
46 80 71
46 81 35
47 0 47
47 1 12
47 2 60
47 3 25
47 4 73
47 5 38
47 6 3
47 7 51
47 8 16
47 9 64
47 10 29
47 11 77
47 12 42
47 13 7
47 14 55
47 15 20
47 16 68
47 17 33
47 18 81
47 19 46
47 20 11
47 21 59
47 22 24
47 23 72
47 24 37
47 25 2
47 26 50
47 27 15
47 28 63
47 29 28
47 30 76
47 31 41
47 32 6
47 33 54
47 34 19
47 35 67
47 36 32
47 37 80
47 38 45
47 39 10
47 40 58
47 41 23
47 42 71
47 43 36
47 44 1
47 45 49
47 46 14
47 47 62
47 48 27
47 49 75
47 50 40
47 51 5
47 52 53
47 53 18
47 54 66
47 55 31
47 56 79
47 57 44
47 58 9
47 59 57
47 60 22
47 61 70
47 62 35
47 63 0
47 64 48
47 65 13
47 66 61
47 67 26
47 68 74
47 69 39
47 70 4
47 71 52
47 72 17
47 73 65
47 74 30
47 75 78
47 76 43
47 77 8
47 78 56
47 79 21
47 80 69
47 81 34
48 0 48
48 1 14
48 2 63
48 3 29
48 4 78
48 5 44
48 6 10
48 7 59
48 8 25
48 9 74
48 10 40
48 11 6
48 12 55
48 13 21
48 14 70
48 15 36
48 16 2
48 17 51
48 18 17
48 19 66
48 20 32
48 21 81
48 22 47
48 23 13
48 24 62
48 25 28
48 26 77
48 27 43
48 28 9
48 29 58
48 30 24
48 31 73
48 32 39
48 33 5
48 34 54
48 35 20
48 36 69
48 37 35
48 38 1
48 39 50
48 40 16
48 41 65
48 42 31
48 43 80
48 44 46
48 45 12
48 46 61
48 47 27
48 48 76
48 49 42
48 50 8
48 51 57
48 52 23
48 53 72
48 54 38
48 55 4
48 56 53
48 57 19
48 58 68
48 59 34
48 60 0
48 61 49
48 62 15
48 63 64
48 64 30
48 65 79
48 66 45
48 67 11
48 68 60
48 69 26
48 70 75
48 71 41
48 72 7
48 73 56
48 74 22
48 75 71
48 76 37
48 77 3
48 78 52
48 79 18
48 80 67
48 81 33
49 0 49
49 1 16
49 2 66
49 3 33
49 4 0
49 5 50
49 6 17
49 7 67
49 8 34
49 9 1
49 10 51
49 11 18
49 12 68
49 13 35
49 14 2
49 15 52
49 16 19
49 17 69
49 18 36
49 19 3
49 20 53
49 21 20
49 22 70
49 23 37
49 24 4
49 25 54
49 26 21
49 27 71
49 28 38
49 29 5
49 30 55
49 31 22
49 32 72
49 33 39
49 34 6
49 35 56
49 36 23
49 37 73
49 38 40
49 39 7
49 40 57
49 41 24
49 42 74
49 43 41
49 44 8
49 45 58
49 46 25
49 47 75
49 48 42
49 49 9
49 50 59
49 51 26
49 52 76
49 53 43
49 54 10
49 55 60
49 56 27
49 57 77
49 58 44
49 59 11
49 60 61
49 61 28
49 62 78
49 63 45
49 64 12
49 65 62
49 66 29
49 67 79
49 68 46
49 69 13
49 70 63
49 71 30
49 72 80
49 73 47
49 74 14
49 75 64
49 76 31
49 77 81
49 78 48
49 79 15
49 80 65
49 81 32
50 0 50
50 1 18
50 2 69
50 3 37
50 4 5
50 5 56
50 6 24
50 7 75
50 8 43
50 9 11
50 10 62
50 11 30
50 12 81
50 13 49
50 14 17
50 15 68
50 16 36
50 17 4
50 18 55
50 19 23
50 20 74
50 21 42
50 22 10
50 23 61
50 24 29
50 25 80
50 26 48
50 27 16
50 28 67
50 29 35
50 30 3
50 31 54
50 32 22
50 33 73
50 34 41
50 35 9
50 36 60
50 37 28
50 38 79
50 39 47
50 40 15
50 41 66
50 42 34
50 43 2
50 44 53
50 45 21
50 46 72
50 47 40
50 48 8
50 49 59
50 50 27
50 51 78
50 52 46
50 53 14
50 54 65
50 55 33
50 56 1
50 57 52
50 58 20
50 59 71
50 60 39
50 61 7
50 62 58
50 63 26
50 64 77
50 65 45
50 66 13
50 67 64
50 68 32
50 69 0
50 70 51
50 71 19
50 72 70
50 73 38
50 74 6
50 75 57
50 76 25
50 77 76
50 78 44
50 79 12
50 80 63
50 81 31
51 0 51
51 1 20
51 2 72
51 3 41
51 4 10
51 5 62
51 6 31
51 7 0
51 8 52
51 9 21
51 10 73
51 11 42
51 12 11
51 13 63
51 14 32
51 15 1
51 16 53
51 17 22
51 18 74
51 19 43
51 20 12
51 21 64
51 22 33
51 23 2
51 24 54
51 25 23
51 26 75
51 27 44
51 28 13
51 29 65
51 30 34
51 31 3
51 32 55
51 33 24
51 34 76
51 35 45
51 36 14
51 37 66
51 38 35
51 39 4
51 40 56
51 41 25
51 42 77
51 43 46
51 44 15
51 45 67
51 46 36
51 47 5
51 48 57
51 49 26
51 50 78
51 51 47
51 52 16
51 53 68
51 54 37
51 55 6
51 56 58
51 57 27
51 58 79
51 59 48
51 60 17
51 61 69
51 62 38
51 63 7
51 64 59
51 65 28
51 66 80
51 67 49
51 68 18
51 69 70
51 70 39
51 71 8
51 72 60
51 73 29
51 74 81
51 75 50
51 76 19
51 77 71
51 78 40
51 79 9
51 80 61
51 81 30
52 0 52
52 1 22
52 2 75
52 3 45
52 4 15
52 5 68
52 6 38
52 7 8
52 8 61
52 9 31
52 10 1
52 11 54
52 12 24
52 13 77
52 14 47
52 15 17
52 16 70
52 17 40
52 18 10
52 19 63
52 20 33
52 21 3
52 22 56
52 23 26
52 24 79
52 25 49
52 26 19
52 27 72
52 28 42
52 29 12
52 30 65
52 31 35
52 32 5
52 33 58
52 34 28
52 35 81
52 36 51
52 37 21
52 38 74
52 39 44
52 40 14
52 41 67
52 42 37
52 43 7
52 44 60
52 45 30
52 46 0
52 47 53
52 48 23
52 49 76
52 50 46
52 51 16
52 52 69
52 53 39
52 54 9
52 55 62
52 56 32
52 57 2
52 58 55
52 59 25
52 60 78
52 61 48
52 62 18
52 63 71
52 64 41
52 65 11
52 66 64
52 67 34
52 68 4
52 69 57
52 70 27
52 71 80
52 72 50
52 73 20
52 74 73
52 75 43
52 76 13
52 77 66
52 78 36
52 79 6
52 80 59
52 81 29
53 0 53
53 1 24
53 2 78
53 3 49
53 4 20
53 5 74
53 6 45
53 7 16
53 8 70
53 9 41
53 10 12
53 11 66
53 12 37
53 13 8
53 14 62
53 15 33
53 16 4
53 17 58
53 18 29
53 19 0
53 20 54
53 21 25
53 22 79
53 23 50
53 24 21
53 25 75
53 26 46
53 27 17
53 28 71
53 29 42
53 30 13
53 31 67
53 32 38
53 33 9
53 34 63
53 35 34
53 36 5
53 37 59
53 38 30
53 39 1
53 40 55
53 41 26
53 42 80
53 43 51
53 44 22
53 45 76
53 46 47
53 47 18
53 48 72
53 49 43
53 50 14
53 51 68
53 52 39
53 53 10
53 54 64
53 55 35
53 56 6
53 57 60
53 58 31
53 59 2
53 60 56
53 61 27
53 62 81
53 63 52
53 64 23
53 65 77
53 66 48
53 67 19
53 68 73
53 69 44
53 70 15
53 71 69
53 72 40
53 73 11
53 74 65
53 75 36
53 76 7
53 77 61
53 78 32
53 79 3
53 80 57
53 81 28
54 0 54
54 1 26
54 2 81
54 3 53
54 4 25
54 5 80
54 6 52
54 7 24
54 8 79
54 9 51
54 10 23
54 11 78
54 12 50
54 13 22
54 14 77
54 15 49
54 16 21
54 17 76
54 18 48
54 19 20
54 20 75
54 21 47
54 22 19
54 23 74
54 24 46
54 25 18
54 26 73
54 27 45
54 28 17
54 29 72
54 30 44
54 31 16
54 32 71
54 33 43
54 34 15
54 35 70
54 36 42
54 37 14
54 38 69
54 39 41
54 40 13
54 41 68
54 42 40
54 43 12
54 44 67
54 45 39
54 46 11
54 47 66
54 48 38
54 49 10
54 50 65
54 51 37
54 52 9
54 53 64
54 54 36
54 55 8
54 56 63
54 57 35
54 58 7
54 59 62
54 60 34
54 61 6
54 62 61
54 63 33
54 64 5
54 65 60
54 66 32
54 67 4
54 68 59
54 69 31
54 70 3
54 71 58
54 72 30
54 73 2
54 74 57
54 75 29
54 76 1
54 77 56
54 78 28
54 79 0
54 80 55
54 81 27
55 0 55
55 1 28
55 2 1
55 3 57
55 4 30
55 5 3
55 6 59
55 7 32
55 8 5
55 9 61
55 10 34
55 11 7
55 12 63
55 13 36
55 14 9
55 15 65
55 16 38
55 17 11
55 18 67
55 19 40
55 20 13
55 21 69
55 22 42
55 23 15
55 24 71
55 25 44
55 26 17
55 27 73
55 28 46
55 29 19
55 30 75
55 31 48
55 32 21
55 33 77
55 34 50
55 35 23
55 36 79
55 37 52
55 38 25
55 39 81
55 40 54
55 41 27
55 42 0
55 43 56
55 44 29
55 45 2
55 46 58
55 47 31
55 48 4
55 49 60
55 50 33
55 51 6
55 52 62
55 53 35
55 54 8
55 55 64
55 56 37
55 57 10
55 58 66
55 59 39
55 60 12
55 61 68
55 62 41
55 63 14
55 64 70
55 65 43
55 66 16
55 67 72
55 68 45
55 69 18
55 70 74
55 71 47
55 72 20
55 73 76
55 74 49
55 75 22
55 76 78
55 77 51
55 78 24
55 79 80
55 80 53
55 81 26
56 0 56
56 1 30
56 2 4
56 3 61
56 4 35
56 5 9
56 6 66
56 7 40
56 8 14
56 9 71
56 10 45
56 11 19
56 12 76
56 13 50
56 14 24
56 15 81
56 16 55
56 17 29
56 18 3
56 19 60
56 20 34
56 21 8
56 22 65
56 23 39
56 24 13
56 25 70
56 26 44
56 27 18
56 28 75
56 29 49
56 30 23
56 31 80
56 32 54
56 33 28
56 34 2
56 35 59
56 36 33
56 37 7
56 38 64
56 39 38
56 40 12
56 41 69
56 42 43
56 43 17
56 44 74
56 45 48
56 46 22
56 47 79
56 48 53
56 49 27
56 50 1
56 51 58
56 52 32
56 53 6
56 54 63
56 55 37
56 56 11
56 57 68
56 58 42
56 59 16
56 60 73
56 61 47
56 62 21
56 63 78
56 64 52
56 65 26
56 66 0
56 67 57
56 68 31
56 69 5
56 70 62
56 71 36
56 72 10
56 73 67
56 74 41
56 75 15
56 76 72
56 77 46
56 78 20
56 79 77
56 80 51
56 81 25
57 0 57
57 1 32
57 2 7
57 3 65
57 4 40
57 5 15
57 6 73
57 7 48
57 8 23
57 9 81
57 10 56
57 11 31
57 12 6
57 13 64
57 14 39
57 15 14
57 16 72
57 17 47
57 18 22
57 19 80
57 20 55
57 21 30
57 22 5
57 23 63
57 24 38
57 25 13
57 26 71
57 27 46
57 28 21
57 29 79
57 30 54
57 31 29
57 32 4
57 33 62
57 34 37
57 35 12
57 36 70
57 37 45
57 38 20
57 39 78
57 40 53
57 41 28
57 42 3
57 43 61
57 44 36
57 45 11
57 46 69
57 47 44
57 48 19
57 49 77
57 50 52
57 51 27
57 52 2
57 53 60
57 54 35
57 55 10
57 56 68
57 57 43
57 58 18
57 59 76
57 60 51
57 61 26
57 62 1
57 63 59
57 64 34
57 65 9
57 66 67
57 67 42
57 68 17
57 69 75
57 70 50
57 71 25
57 72 0
57 73 58
57 74 33
57 75 8
57 76 66
57 77 41
57 78 16
57 79 74
57 80 49
57 81 24
58 0 58
58 1 34
58 2 10
58 3 69
58 4 45
58 5 21
58 6 80
58 7 56
58 8 32
58 9 8
58 10 67
58 11 43
58 12 19
58 13 78
58 14 54
58 15 30
58 16 6
58 17 65
58 18 41
58 19 17
58 20 76
58 21 52
58 22 28
58 23 4
58 24 63
58 25 39
58 26 15
58 27 74
58 28 50
58 29 26
58 30 2
58 31 61
58 32 37
58 33 13
58 34 72
58 35 48
58 36 24
58 37 0
58 38 59
58 39 35
58 40 11
58 41 70
58 42 46
58 43 22
58 44 81
58 45 57
58 46 33
58 47 9
58 48 68
58 49 44
58 50 20
58 51 79
58 52 55
58 53 31
58 54 7
58 55 66
58 56 42
58 57 18
58 58 77
58 59 53
58 60 29
58 61 5
58 62 64
58 63 40
58 64 16
58 65 75
58 66 51
58 67 27
58 68 3
58 69 62
58 70 38
58 71 14
58 72 73
58 73 49
58 74 25
58 75 1
58 76 60
58 77 36
58 78 12
58 79 71
58 80 47
58 81 23
59 0 59
59 1 36
59 2 13
59 3 73
59 4 50
59 5 27
59 6 4
59 7 64
59 8 41
59 9 18
59 10 78
59 11 55
59 12 32
59 13 9
59 14 69
59 15 46
59 16 23
59 17 0
59 18 60
59 19 37
59 20 14
59 21 74
59 22 51
59 23 28
59 24 5
59 25 65
59 26 42
59 27 19
59 28 79
59 29 56
59 30 33
59 31 10
59 32 70
59 33 47
59 34 24
59 35 1
59 36 61
59 37 38
59 38 15
59 39 75
59 40 52
59 41 29
59 42 6
59 43 66
59 44 43
59 45 20
59 46 80
59 47 57
59 48 34
59 49 11
59 50 71
59 51 48
59 52 25
59 53 2
59 54 62
59 55 39
59 56 16
59 57 76
59 58 53
59 59 30
59 60 7
59 61 67
59 62 44
59 63 21
59 64 81
59 65 58
59 66 35
59 67 12
59 68 72
59 69 49
59 70 26
59 71 3
59 72 63
59 73 40
59 74 17
59 75 77
59 76 54
59 77 31
59 78 8
59 79 68
59 80 45
59 81 22
60 0 60
60 1 38
60 2 16
60 3 77
60 4 55
60 5 33
60 6 11
60 7 72
60 8 50
60 9 28
60 10 6
60 11 67
60 12 45
60 13 23
60 14 1
60 15 62
60 16 40
60 17 18
60 18 79
60 19 57
60 20 35
60 21 13
60 22 74
60 23 52
60 24 30
60 25 8
60 26 69
60 27 47
60 28 25
60 29 3
60 30 64
60 31 42
60 32 20
60 33 81
60 34 59
60 35 37
60 36 15
60 37 76
60 38 54
60 39 32
60 40 10
60 41 71
60 42 49
60 43 27
60 44 5
60 45 66
60 46 44
60 47 22
60 48 0
60 49 61
60 50 39
60 51 17
60 52 78
60 53 56
60 54 34
60 55 12
60 56 73
60 57 51
60 58 29
60 59 7
60 60 68
60 61 46
60 62 24
60 63 2
60 64 63
60 65 41
60 66 19
60 67 80
60 68 58
60 69 36
60 70 14
60 71 75
60 72 53
60 73 31
60 74 9
60 75 70
60 76 48
60 77 26
60 78 4
60 79 65
60 80 43
60 81 21
61 0 61
61 1 40
61 2 19
61 3 81
61 4 60
61 5 39
61 6 18
61 7 80
61 8 59
61 9 38
61 10 17
61 11 79
61 12 58
61 13 37
61 14 16
61 15 78
61 16 57
61 17 36
61 18 15
61 19 77
61 20 56
61 21 35
61 22 14
61 23 76
61 24 55
61 25 34
61 26 13
61 27 75
61 28 54
61 29 33
61 30 12
61 31 74
61 32 53
61 33 32
61 34 11
61 35 73
61 36 52
61 37 31
61 38 10
61 39 72
61 40 51
61 41 30
61 42 9
61 43 71
61 44 50
61 45 29
61 46 8
61 47 70
61 48 49
61 49 28
61 50 7
61 51 69
61 52 48
61 53 27
61 54 6
61 55 68
61 56 47
61 57 26
61 58 5
61 59 67
61 60 46
61 61 25
61 62 4
61 63 66
61 64 45
61 65 24
61 66 3
61 67 65
61 68 44
61 69 23
61 70 2
61 71 64
61 72 43
61 73 22
61 74 1
61 75 63
61 76 42
61 77 21
61 78 0
61 79 62
61 80 41
61 81 20
62 0 62
62 1 42
62 2 22
62 3 2
62 4 65
62 5 45
62 6 25
62 7 5
62 8 68
62 9 48
62 10 28
62 11 8
62 12 71
62 13 51
62 14 31
62 15 11
62 16 74
62 17 54
62 18 34
62 19 14
62 20 77
62 21 57
62 22 37
62 23 17
62 24 80
62 25 60
62 26 40
62 27 20
62 28 0
62 29 63
62 30 43
62 31 23
62 32 3
62 33 66
62 34 46
62 35 26
62 36 6
62 37 69
62 38 49
62 39 29
62 40 9
62 41 72
62 42 52
62 43 32
62 44 12
62 45 75
62 46 55
62 47 35
62 48 15
62 49 78
62 50 58
62 51 38
62 52 18
62 53 81
62 54 61
62 55 41
62 56 21
62 57 1
62 58 64
62 59 44
62 60 24
62 61 4
62 62 67
62 63 47
62 64 27
62 65 7
62 66 70
62 67 50
62 68 30
62 69 10
62 70 73
62 71 53
62 72 33
62 73 13
62 74 76
62 75 56
62 76 36
62 77 16
62 78 79
62 79 59
62 80 39
62 81 19
63 0 63
63 1 44
63 2 25
63 3 6
63 4 70
63 5 51
63 6 32
63 7 13
63 8 77
63 9 58
63 10 39
63 11 20
63 12 1
63 13 65
63 14 46
63 15 27
63 16 8
63 17 72
63 18 53
63 19 34
63 20 15
63 21 79
63 22 60
63 23 41
63 24 22
63 25 3
63 26 67
63 27 48
63 28 29
63 29 10
63 30 74
63 31 55
63 32 36
63 33 17
63 34 81
63 35 62
63 36 43
63 37 24
63 38 5
63 39 69
63 40 50
63 41 31
63 42 12
63 43 76
63 44 57
63 45 38
63 46 19
63 47 0
63 48 64
63 49 45
63 50 26
63 51 7
63 52 71
63 53 52
63 54 33
63 55 14
63 56 78
63 57 59
63 58 40
63 59 21
63 60 2
63 61 66
63 62 47
63 63 28
63 64 9
63 65 73
63 66 54
63 67 35
63 68 16
63 69 80
63 70 61
63 71 42
63 72 23
63 73 4
63 74 68
63 75 49
63 76 30
63 77 11
63 78 75
63 79 56
63 80 37
63 81 18
64 0 64
64 1 46
64 2 28
64 3 10
64 4 75
64 5 57
64 6 39
64 7 21
64 8 3
64 9 68
64 10 50
64 11 32
64 12 14
64 13 79
64 14 61
64 15 43
64 16 25
64 17 7
64 18 72
64 19 54
64 20 36
64 21 18
64 22 0
64 23 65
64 24 47
64 25 29
64 26 11
64 27 76
64 28 58
64 29 40
64 30 22
64 31 4
64 32 69
64 33 51
64 34 33
64 35 15
64 36 80
64 37 62
64 38 44
64 39 26
64 40 8
64 41 73
64 42 55
64 43 37
64 44 19
64 45 1
64 46 66
64 47 48
64 48 30
64 49 12
64 50 77
64 51 59
64 52 41
64 53 23
64 54 5
64 55 70
64 56 52
64 57 34
64 58 16
64 59 81
64 60 63
64 61 45
64 62 27
64 63 9
64 64 74
64 65 56
64 66 38
64 67 20
64 68 2
64 69 67
64 70 49
64 71 31
64 72 13
64 73 78
64 74 60
64 75 42
64 76 24
64 77 6
64 78 71
64 79 53
64 80 35
64 81 17
65 0 65
65 1 48
65 2 31
65 3 14
65 4 80
65 5 63
65 6 46
65 7 29
65 8 12
65 9 78
65 10 61
65 11 44
65 12 27
65 13 10
65 14 76
65 15 59
65 16 42
65 17 25
65 18 8
65 19 74
65 20 57
65 21 40
65 22 23
65 23 6
65 24 72
65 25 55
65 26 38
65 27 21
65 28 4
65 29 70
65 30 53
65 31 36
65 32 19
65 33 2
65 34 68
65 35 51
65 36 34
65 37 17
65 38 0
65 39 66
65 40 49
65 41 32
65 42 15
65 43 81
65 44 64
65 45 47
65 46 30
65 47 13
65 48 79
65 49 62
65 50 45
65 51 28
65 52 11
65 53 77
65 54 60
65 55 43
65 56 26
65 57 9
65 58 75
65 59 58
65 60 41
65 61 24
65 62 7
65 63 73
65 64 56
65 65 39
65 66 22
65 67 5
65 68 71
65 69 54
65 70 37
65 71 20
65 72 3
65 73 69
65 74 52
65 75 35
65 76 18
65 77 1
65 78 67
65 79 50
65 80 33
65 81 16
66 0 66
66 1 50
66 2 34
66 3 18
66 4 2
66 5 69
66 6 53
66 7 37
66 8 21
66 9 5
66 10 72
66 11 56
66 12 40
66 13 24
66 14 8
66 15 75
66 16 59
66 17 43
66 18 27
66 19 11
66 20 78
66 21 62
66 22 46
66 23 30
66 24 14
66 25 81
66 26 65
66 27 49
66 28 33
66 29 17
66 30 1
66 31 68
66 32 52
66 33 36
66 34 20
66 35 4
66 36 71
66 37 55
66 38 39
66 39 23
66 40 7
66 41 74
66 42 58
66 43 42
66 44 26
66 45 10
66 46 77
66 47 61
66 48 45
66 49 29
66 50 13
66 51 80
66 52 64
66 53 48
66 54 32
66 55 16
66 56 0
66 57 67
66 58 51
66 59 35
66 60 19
66 61 3
66 62 70
66 63 54
66 64 38
66 65 22
66 66 6
66 67 73
66 68 57
66 69 41
66 70 25
66 71 9
66 72 76
66 73 60
66 74 44
66 75 28
66 76 12
66 77 79
66 78 63
66 79 47
66 80 31
66 81 15
67 0 67
67 1 52
67 2 37
67 3 22
67 4 7
67 5 75
67 6 60
67 7 45
67 8 30
67 9 15
67 10 0
67 11 68
67 12 53
67 13 38
67 14 23
67 15 8
67 16 76
67 17 61
67 18 46
67 19 31
67 20 16
67 21 1
67 22 69
67 23 54
67 24 39
67 25 24
67 26 9
67 27 77
67 28 62
67 29 47
67 30 32
67 31 17
67 32 2
67 33 70
67 34 55
67 35 40
67 36 25
67 37 10
67 38 78
67 39 63
67 40 48
67 41 33
67 42 18
67 43 3
67 44 71
67 45 56
67 46 41
67 47 26
67 48 11
67 49 79
67 50 64
67 51 49
67 52 34
67 53 19
67 54 4
67 55 72
67 56 57
67 57 42
67 58 27
67 59 12
67 60 80
67 61 65
67 62 50
67 63 35
67 64 20
67 65 5
67 66 73
67 67 58
67 68 43
67 69 28
67 70 13
67 71 81
67 72 66
67 73 51
67 74 36
67 75 21
67 76 6
67 77 74
67 78 59
67 79 44
67 80 29
67 81 14
68 0 68
68 1 54
68 2 40
68 3 26
68 4 12
68 5 81
68 6 67
68 7 53
68 8 39
68 9 25
68 10 11
68 11 80
68 12 66
68 13 52
68 14 38
68 15 24
68 16 10
68 17 79
68 18 65
68 19 51
68 20 37
68 21 23
68 22 9
68 23 78
68 24 64
68 25 50
68 26 36
68 27 22
68 28 8
68 29 77
68 30 63
68 31 49
68 32 35
68 33 21
68 34 7
68 35 76
68 36 62
68 37 48
68 38 34
68 39 20
68 40 6
68 41 75
68 42 61
68 43 47
68 44 33
68 45 19
68 46 5
68 47 74
68 48 60
68 49 46
68 50 32
68 51 18
68 52 4
68 53 73
68 54 59
68 55 45
68 56 31
68 57 17
68 58 3
68 59 72
68 60 58
68 61 44
68 62 30
68 63 16
68 64 2
68 65 71
68 66 57
68 67 43
68 68 29
68 69 15
68 70 1
68 71 70
68 72 56
68 73 42
68 74 28
68 75 14
68 76 0
68 77 69
68 78 55
68 79 41
68 80 27
68 81 13
69 0 69
69 1 56
69 2 43
69 3 30
69 4 17
69 5 4
69 6 74
69 7 61
69 8 48
69 9 35
69 10 22
69 11 9
69 12 79
69 13 66
69 14 53
69 15 40
69 16 27
69 17 14
69 18 1
69 19 71
69 20 58
69 21 45
69 22 32
69 23 19
69 24 6
69 25 76
69 26 63
69 27 50
69 28 37
69 29 24
69 30 11
69 31 81
69 32 68
69 33 55
69 34 42
69 35 29
69 36 16
69 37 3
69 38 73
69 39 60
69 40 47
69 41 34
69 42 21
69 43 8
69 44 78
69 45 65
69 46 52
69 47 39
69 48 26
69 49 13
69 50 0
69 51 70
69 52 57
69 53 44
69 54 31
69 55 18
69 56 5
69 57 75
69 58 62
69 59 49
69 60 36
69 61 23
69 62 10
69 63 80
69 64 67
69 65 54
69 66 41
69 67 28
69 68 15
69 69 2
69 70 72
69 71 59
69 72 46
69 73 33
69 74 20
69 75 7
69 76 77
69 77 64
69 78 51
69 79 38
69 80 25
69 81 12
70 0 70
70 1 58
70 2 46
70 3 34
70 4 22
70 5 10
70 6 81
70 7 69
70 8 57
70 9 45
70 10 33
70 11 21
70 12 9
70 13 80
70 14 68
70 15 56
70 16 44
70 17 32
70 18 20
70 19 8
70 20 79
70 21 67
70 22 55
70 23 43
70 24 31
70 25 19
70 26 7
70 27 78
70 28 66
70 29 54
70 30 42
70 31 30
70 32 18
70 33 6
70 34 77
70 35 65
70 36 53
70 37 41
70 38 29
70 39 17
70 40 5
70 41 76
70 42 64
70 43 52
70 44 40
70 45 28
70 46 16
70 47 4
70 48 75
70 49 63
70 50 51
70 51 39
70 52 27
70 53 15
70 54 3
70 55 74
70 56 62
70 57 50
70 58 38
70 59 26
70 60 14
70 61 2
70 62 73
70 63 61
70 64 49
70 65 37
70 66 25
70 67 13
70 68 1
70 69 72
70 70 60
70 71 48
70 72 36
70 73 24
70 74 12
70 75 0
70 76 71
70 77 59
70 78 47
70 79 35
70 80 23
70 81 11
71 0 71
71 1 60
71 2 49
71 3 38
71 4 27
71 5 16
71 6 5
71 7 77
71 8 66
71 9 55
71 10 44
71 11 33
71 12 22
71 13 11
71 14 0
71 15 72
71 16 61
71 17 50
71 18 39
71 19 28
71 20 17
71 21 6
71 22 78
71 23 67
71 24 56
71 25 45
71 26 34
71 27 23
71 28 12
71 29 1
71 30 73
71 31 62
71 32 51
71 33 40
71 34 29
71 35 18
71 36 7
71 37 79
71 38 68
71 39 57
71 40 46
71 41 35
71 42 24
71 43 13
71 44 2
71 45 74
71 46 63
71 47 52
71 48 41
71 49 30
71 50 19
71 51 8
71 52 80
71 53 69
71 54 58
71 55 47
71 56 36
71 57 25
71 58 14
71 59 3
71 60 75
71 61 64
71 62 53
71 63 42
71 64 31
71 65 20
71 66 9
71 67 81
71 68 70
71 69 59
71 70 48
71 71 37
71 72 26
71 73 15
71 74 4
71 75 76
71 76 65
71 77 54
71 78 43
71 79 32
71 80 21
71 81 10
72 0 72
72 1 62
72 2 52
72 3 42
72 4 32
72 5 22
72 6 12
72 7 2
72 8 75
72 9 65
72 10 55
72 11 45
72 12 35
72 13 25
72 14 15
72 15 5
72 16 78
72 17 68
72 18 58
72 19 48
72 20 38
72 21 28
72 22 18
72 23 8
72 24 81
72 25 71
72 26 61
72 27 51
72 28 41
72 29 31
72 30 21
72 31 11
72 32 1
72 33 74
72 34 64
72 35 54
72 36 44
72 37 34
72 38 24
72 39 14
72 40 4
72 41 77
72 42 67
72 43 57
72 44 47
72 45 37
72 46 27
72 47 17
72 48 7
72 49 80
72 50 70
72 51 60
72 52 50
72 53 40
72 54 30
72 55 20
72 56 10
72 57 0
72 58 73
72 59 63
72 60 53
72 61 43
72 62 33
72 63 23
72 64 13
72 65 3
72 66 76
72 67 66
72 68 56
72 69 46
72 70 36
72 71 26
72 72 16
72 73 6
72 74 79
72 75 69
72 76 59
72 77 49
72 78 39
72 79 29
72 80 19
72 81 9
73 0 73
73 1 64
73 2 55
73 3 46
73 4 37
73 5 28
73 6 19
73 7 10
73 8 1
73 9 75
73 10 66
73 11 57
73 12 48
73 13 39
73 14 30
73 15 21
73 16 12
73 17 3
73 18 77
73 19 68
73 20 59
73 21 50
73 22 41
73 23 32
73 24 23
73 25 14
73 26 5
73 27 79
73 28 70
73 29 61
73 30 52
73 31 43
73 32 34
73 33 25
73 34 16
73 35 7
73 36 81
73 37 72
73 38 63
73 39 54
73 40 45
73 41 36
73 42 27
73 43 18
73 44 9
73 45 0
73 46 74
73 47 65
73 48 56
73 49 47
73 50 38
73 51 29
73 52 20
73 53 11
73 54 2
73 55 76
73 56 67
73 57 58
73 58 49
73 59 40
73 60 31
73 61 22
73 62 13
73 63 4
73 64 78
73 65 69
73 66 60
73 67 51
73 68 42
73 69 33
73 70 24
73 71 15
73 72 6
73 73 80
73 74 71
73 75 62
73 76 53
73 77 44
73 78 35
73 79 26
73 80 17
73 81 8
74 0 74
74 1 66
74 2 58
74 3 50
74 4 42
74 5 34
74 6 26
74 7 18
74 8 10
74 9 2
74 10 77
74 11 69
74 12 61
74 13 53
74 14 45
74 15 37
74 16 29
74 17 21
74 18 13
74 19 5
74 20 80
74 21 72
74 22 64
74 23 56
74 24 48
74 25 40
74 26 32
74 27 24
74 28 16
74 29 8
74 30 0
74 31 75
74 32 67
74 33 59
74 34 51
74 35 43
74 36 35
74 37 27
74 38 19
74 39 11
74 40 3
74 41 78
74 42 70
74 43 62
74 44 54
74 45 46
74 46 38
74 47 30
74 48 22
74 49 14
74 50 6
74 51 81
74 52 73
74 53 65
74 54 57
74 55 49
74 56 41
74 57 33
74 58 25
74 59 17
74 60 9
74 61 1
74 62 76
74 63 68
74 64 60
74 65 52
74 66 44
74 67 36
74 68 28
74 69 20
74 70 12
74 71 4
74 72 79
74 73 71
74 74 63
74 75 55
74 76 47
74 77 39
74 78 31
74 79 23
74 80 15
74 81 7
75 0 75
75 1 68
75 2 61
75 3 54
75 4 47
75 5 40
75 6 33
75 7 26
75 8 19
75 9 12
75 10 5
75 11 81
75 12 74
75 13 67
75 14 60
75 15 53
75 16 46
75 17 39
75 18 32
75 19 25
75 20 18
75 21 11
75 22 4
75 23 80
75 24 73
75 25 66
75 26 59
75 27 52
75 28 45
75 29 38
75 30 31
75 31 24
75 32 17
75 33 10
75 34 3
75 35 79
75 36 72
75 37 65
75 38 58
75 39 51
75 40 44
75 41 37
75 42 30
75 43 23
75 44 16
75 45 9
75 46 2
75 47 78
75 48 71
75 49 64
75 50 57
75 51 50
75 52 43
75 53 36
75 54 29
75 55 22
75 56 15
75 57 8
75 58 1
75 59 77
75 60 70
75 61 63
75 62 56
75 63 49
75 64 42
75 65 35
75 66 28
75 67 21
75 68 14
75 69 7
75 70 0
75 71 76
75 72 69
75 73 62
75 74 55
75 75 48
75 76 41
75 77 34
75 78 27
75 79 20
75 80 13
75 81 6
76 0 76
76 1 70
76 2 64
76 3 58
76 4 52
76 5 46
76 6 40
76 7 34
76 8 28
76 9 22
76 10 16
76 11 10
76 12 4
76 13 81
76 14 75
76 15 69
76 16 63
76 17 57
76 18 51
76 19 45
76 20 39
76 21 33
76 22 27
76 23 21
76 24 15
76 25 9
76 26 3
76 27 80
76 28 74
76 29 68
76 30 62
76 31 56
76 32 50
76 33 44
76 34 38
76 35 32
76 36 26
76 37 20
76 38 14
76 39 8
76 40 2
76 41 79
76 42 73
76 43 67
76 44 61
76 45 55
76 46 49
76 47 43
76 48 37
76 49 31
76 50 25
76 51 19
76 52 13
76 53 7
76 54 1
76 55 78
76 56 72
76 57 66
76 58 60
76 59 54
76 60 48
76 61 42
76 62 36
76 63 30
76 64 24
76 65 18
76 66 12
76 67 6
76 68 0
76 69 77
76 70 71
76 71 65
76 72 59
76 73 53
76 74 47
76 75 41
76 76 35
76 77 29
76 78 23
76 79 17
76 80 11
76 81 5
77 0 77
77 1 72
77 2 67
77 3 62
77 4 57
77 5 52
77 6 47
77 7 42
77 8 37
77 9 32
77 10 27
77 11 22
77 12 17
77 13 12
77 14 7
77 15 2
77 16 80
77 17 75
77 18 70
77 19 65
77 20 60
77 21 55
77 22 50
77 23 45
77 24 40
77 25 35
77 26 30
77 27 25
77 28 20
77 29 15
77 30 10
77 31 5
77 32 0
77 33 78
77 34 73
77 35 68
77 36 63
77 37 58
77 38 53
77 39 48
77 40 43
77 41 38
77 42 33
77 43 28
77 44 23
77 45 18
77 46 13
77 47 8
77 48 3
77 49 81
77 50 76
77 51 71
77 52 66
77 53 61
77 54 56
77 55 51
77 56 46
77 57 41
77 58 36
77 59 31
77 60 26
77 61 21
77 62 16
77 63 11
77 64 6
77 65 1
77 66 79
77 67 74
77 68 69
77 69 64
77 70 59
77 71 54
77 72 49
77 73 44
77 74 39
77 75 34
77 76 29
77 77 24
77 78 19
77 79 14
77 80 9
77 81 4
78 0 78
78 1 74
78 2 70
78 3 66
78 4 62
78 5 58
78 6 54
78 7 50
78 8 46
78 9 42
78 10 38
78 11 34
78 12 30
78 13 26
78 14 22
78 15 18
78 16 14
78 17 10
78 18 6
78 19 2
78 20 81
78 21 77
78 22 73
78 23 69
78 24 65
78 25 61
78 26 57
78 27 53
78 28 49
78 29 45
78 30 41
78 31 37
78 32 33
78 33 29
78 34 25
78 35 21
78 36 17
78 37 13
78 38 9
78 39 5
78 40 1
78 41 80
78 42 76
78 43 72
78 44 68
78 45 64
78 46 60
78 47 56
78 48 52
78 49 48
78 50 44
78 51 40
78 52 36
78 53 32
78 54 28
78 55 24
78 56 20
78 57 16
78 58 12
78 59 8
78 60 4
78 61 0
78 62 79
78 63 75
78 64 71
78 65 67
78 66 63
78 67 59
78 68 55
78 69 51
78 70 47
78 71 43
78 72 39
78 73 35
78 74 31
78 75 27
78 76 23
78 77 19
78 78 15
78 79 11
78 80 7
78 81 3
79 0 79
79 1 76
79 2 73
79 3 70
79 4 67
79 5 64
79 6 61
79 7 58
79 8 55
79 9 52
79 10 49
79 11 46
79 12 43
79 13 40
79 14 37
79 15 34
79 16 31
79 17 28
79 18 25
79 19 22
79 20 19
79 21 16
79 22 13
79 23 10
79 24 7
79 25 4
79 26 1
79 27 81
79 28 78
79 29 75
79 30 72
79 31 69
79 32 66
79 33 63
79 34 60
79 35 57
79 36 54
79 37 51
79 38 48
79 39 45
79 40 42
79 41 39
79 42 36
79 43 33
79 44 30
79 45 27
79 46 24
79 47 21
79 48 18
79 49 15
79 50 12
79 51 9
79 52 6
79 53 3
79 54 0
79 55 80
79 56 77
79 57 74
79 58 71
79 59 68
79 60 65
79 61 62
79 62 59
79 63 56
79 64 53
79 65 50
79 66 47
79 67 44
79 68 41
79 69 38
79 70 35
79 71 32
79 72 29
79 73 26
79 74 23
79 75 20
79 76 17
79 77 14
79 78 11
79 79 8
79 80 5
79 81 2
80 0 80
80 1 78
80 2 76
80 3 74
80 4 72
80 5 70
80 6 68
80 7 66
80 8 64
80 9 62
80 10 60
80 11 58
80 12 56
80 13 54
80 14 52
80 15 50
80 16 48
80 17 46
80 18 44
80 19 42
80 20 40
80 21 38
80 22 36
80 23 34
80 24 32
80 25 30
80 26 28
80 27 26
80 28 24
80 29 22
80 30 20
80 31 18
80 32 16
80 33 14
80 34 12
80 35 10
80 36 8
80 37 6
80 38 4
80 39 2
80 40 0
80 41 81
80 42 79
80 43 77
80 44 75
80 45 73
80 46 71
80 47 69
80 48 67
80 49 65
80 50 63
80 51 61
80 52 59
80 53 57
80 54 55
80 55 53
80 56 51
80 57 49
80 58 47
80 59 45
80 60 43
80 61 41
80 62 39
80 63 37
80 64 35
80 65 33
80 66 31
80 67 29
80 68 27
80 69 25
80 70 23
80 71 21
80 72 19
80 73 17
80 74 15
80 75 13
80 76 11
80 77 9
80 78 7
80 79 5
80 80 3
80 81 1
81 0 81
81 1 80
81 2 79
81 3 78
81 4 77
81 5 76
81 6 75
81 7 74
81 8 73
81 9 72
81 10 71
81 11 70
81 12 69
81 13 68
81 14 67
81 15 66
81 16 65
81 17 64
81 18 63
81 19 62
81 20 61
81 21 60
81 22 59
81 23 58
81 24 57
81 25 56
81 26 55
81 27 54
81 28 53
81 29 52
81 30 51
81 31 50
81 32 49
81 33 48
81 34 47
81 35 46
81 36 45
81 37 44
81 38 43
81 39 42
81 40 41
81 41 40
81 42 39
81 43 38
81 44 37
81 45 36
81 46 35
81 47 34
81 48 33
81 49 32
81 50 31
81 51 30
81 52 29
81 53 28
81 54 27
81 55 26
81 56 25
81 57 24
81 58 23
81 59 22
81 60 21
81 61 20
81 62 19
81 63 18
81 64 17
81 65 16
81 66 15
81 67 14
81 68 13
81 69 12
81 70 11
81 71 10
81 72 9
81 73 8
81 74 7
81 75 6
81 76 5
81 77 4
81 78 3
81 79 2
81 80 1
81 81 0
